1
1.0
1.0
1.0
1.0
1.0
1.0
1.0
2.0
1.0
1.0
1.0
1.0
1.0
1.0
1.0
1.0
1.0
1.0
1.0
1.0
1.0
1.0
1.0
1.0
1.5
1.0
1.0
1.0
1.0
1.0
1.0
1.0
1.0
1.0
1.0
1.0
1.0
1.0
1.0
1.0
1.0
1.0
1.0
1.0
1.333
1.0
1.0
1.0
1.0
1.0
1.0
1.0
1.0
1.25
1.0
1.2
1.0
1.0
1.167
1.0
1.0
1.0
1.0
1.286
1.0
1.0
1.0
1.0
1.0
1.0
1.0
1.0
1.111
1.0
1.0
1.2
1.083
1.0
1.0
1.0
1.154
1.0
1.0
1.0
1.0
1.0
1.0
1.0
1.0
1.2
1.111
1.1
1.045
1.043
1.125
1.0
1.074
1.069
1.0
1.0
1.097
1.0
1.118
1.053
1.05
1.048
1.023
1.089
1.041
1.0
1.02
1.096
1.088
1.048
1.015
1.045
1.029
1.085
1.026
1.013
1.012
1.012
1.11
1.066
1.062
1.049
1.046
1.071
1.025
1.073
1.023
1.015
1.0
1.029
1.035
1.041
1.039
1.044
1.03
1.03
1.035
1.034
1.032
1.021
1.021
1.056
1.048
1.023
1.036
1.026
1.055
1.048
1.034
1.03
1.054
1.038
1.023
1.039
1.028
1.006
1.039
1.046
1.05
1.042
1.023
1.04
1.039
1.035
1.023
1.045
1.035
1.031
1.047
1.047
1.029
1.038
1.024
1.029
1.032
1.052
1.045
1.042
1.025
1.034
1.036
1.042
1.053
1.039
1.03
1.027
1.032
1.025
1.018
1.04
1.032
1.052
1.037
1.042
1.02
1.049
1.054
1.046
1.03
1.036
1.034
1.03
1.048
1.027
1.051
1.033
1.032
1.052
1.023
1.042
1.041
1.023
1.061
1.036
1.024
1.018
1.042
1.048
1.034
1.057
1.066
1.054
1.035
1.038
1.026
1.019
1.044
1.044
1.05
1.058
1.029
1.019
1.025
1.022
1.017
1.026
1.026
1.046
1.031
1.034
1.042
1.061
1.038
1.039
1.023
1.027
1.039
1.03
1.036
1.02
1.039
1.032
1.037
1.036
1.029
1.029
1.03
1.037
1.05
1.036
1.039
1.044
1.041
1.048
1.028
1.021
1.034
1.057
1.043
1.031
1.022
1.041
1.031
1.029
1.037
1.028
1.037
1.041
1.032
1.044
1.029
1.041
1.028
1.04
1.042
1.024
1.026
1.047
1.027
1.041
1.023
1.039
1.028
1.03
1.021
1.045
1.017
1.032
1.028
1.037
1.022
1.027
1.048
1.063
1.02
1.043
1.03
1.03
1.022
1.057
1.046
1.034
1.043
1.054
1.025
1.05
1.021
1.028
1.049
1.037
1.019
1.044
1.034
1.039
1.048
1.043
1.017
1.043
1.038
1.04
1.029
1.041
1.029
1.025
1.031
1.043
1.038
1.044
1.037
1.019
1.037
1.043
1.046
1.031
1.036
1.036
1.019
1.05
1.033
1.029
1.028
1.04
1.02
1.032
1.033
1.024
1.021
1.03
1.037
1.031
1.023
1.036
1.035
1.038
1.039
1.034
1.036
1.028
1.041
1.038
1.032
1.037
1.042
1.03
1.026
1.036
1.047
1.039
1.026
1.014
1.036
1.016
1.019
1.048
1.037
1.038
1.051
1.047
1.039
1.022
1.044
1.017
1.024
1.027
1.052
1.022
1.044
1.044
1.039
1.048
1.032
1.042
1.034
1.039
1.041
1.029
1.029
1.024
1.044
1.05
1.035
1.028
1.033
1.039
1.027
1.046
1.03
1.048
1.03
1.044
1.041
1.033
1.017
1.019
1.035
1.029
1.023
1.046
1.043
1.053
1.042
1.027
1.025
1.028
1.033
1.038
1.028
1.03
1.038
1.024
1.033
1.026
1.041
1.061
1.036
1.04
1.03
1.052
1.047
1.047
1.055
1.04
1.024
1.044
1.034
1.041
1.028
1.045
1.032
1.041
1.037
1.054
1.027
1.02
1.037
1.022
1.048
1.052
1.035
1.036
1.03
1.018
1.019
1.038
1.035
1.045
1.038
1.045
1.035
1.038
1.05
1.027
1.042
1.032
1.052
1.061
1.016
1.045
1.057
1.035
1.022
1.04
1.03
1.041
1.031
1.033
1.045
1.039
1.048
1.043
1.036
1.037
1.022
1.038
1.023
1.022
1.034
1.018
1.027
1.018
1.044
1.041
1.031
1.043
1.031
1.035
1.04
1.024
1.031
1.031
1.028
1.042
1.043
1.034
1.038
1.034
1.037
1.032
1.038
1.028
1.031
1.027
1.027
1.031
1.032
1.024
1.063
1.043
1.03
1.039
1.034
1.031
1.046
1.051
1.029
1.029
1.028
1.021
1.027
1.042
1.028
1.031
1.026
1.035
1.033
1.035
1.058
1.027
1.046
1.023
1.04
1.041
1.039
1.027
1.034
1.022
1.045
1.035
1.021
1.023
1.029
1.033
1.032
1.034
1.035
1.03
1.042
1.021
1.035
1.021
1.024
1.032
1.027
1.037
1.042
1.028
1.031
1.057
1.028
1.026
1.034
1.03
1.026
1.033
1.027
1.028
1.032
1.051
1.04
1.022
1.033
1.023
1.037
1.034
1.044
1.048
1.032
1.029
1.042
1.03
1.027
1.033
1.041
1.038
1.059
1.029
1.04
1.016
1.046
1.038
1.045
1.019
1.043
1.048
1.035
1.038
1.032
1.031
1.051
1.031
1.033
1.033
1.042
1.031
1.018
1.042
1.021
1.034
1.037
1.028
1.028
1.026
1.043
1.015
1.022
1.026
1.051
1.04
1.048
1.058
1.041
1.044
1.027
1.041
1.036
1.037
1.058
1.04
1.06
1.042
1.037
1.019
1.044
1.059
1.042
1.033
1.043
1.025
1.018
1.042
1.041
1.035
1.036
1.041
1.053
1.036
1.051
1.039
1.027
1.034
1.031
1.032
1.049
1.032
1.033
1.039
1.042
1.024
1.022
1.038
1.033
1.028
1.025
1.044
1.043
1.038
1.035
1.027
1.044
1.027
1.024
1.048
1.031
1.04
1.053
1.027
1.036
1.04
1.052
1.038
1.053
1.051
1.027
1.051
1.031
1.035
1.052
1.041
1.047
1.016
1.04
1.033
1.05
1.042
1.025
1.044
1.042
1.038
1.051
1.038
1.03
1.037
1.034
1.035
1.023
1.036
1.061
1.033
1.033
1.043
1.03
1.03
1.034
1.035
1.021
1.035
1.029
1.049
1.055
1.049
1.034
1.044
1.036
1.044
1.042
1.049
1.036
1.032
1.032
1.036
1.031
1.038
1.024
1.055
1.04
1.042
1.032
1.04
1.044
1.024
1.047
1.06
1.02
1.048
1.026
1.015
1.043
1.03
1.035
1.032
1.035
1.042
1.037
1.032
1.04
1.04
1.031
1.025
1.045
1.042
1.03
1.026
1.018
1.032
1.024
1.046
1.024
1.021
1.032
1.047
1.015
1.015
1.054
1.045
1.03
1.043
1.039
1.017
1.04
1.046
1.053
1.021
1.028
1.043
1.037
1.02
1.034
1.025
1.032
1.044
1.042
1.05
1.024
1.017
1.038
1.031
1.037
1.025
1.053
1.046
1.037
1.024
1.033
1.02
1.035
1.047
1.042
1.038
1.035
1.028
1.023
1.041
1.043
1.051
1.023
1.033
1.053
1.049
1.04
1.03
1.039
1.038
1.05
1.027
1.044
1.023
1.042
1.04
1.039
1.052
1.03
1.031
1.027
1.046
1.026
1.032
1.043
1.038
1.032
1.04
1.043
1.017
1.035
1.036
1.04
1.015
1.03
1.029
1.026
1.026
1.011
1.042
1.037
1.041
1.029
1.026
1.007
1.023
1.019
1.023
1.023
1.026
1.023
1.015
1.041
1.058
1.021
1.014
1.024
1.051
1.036
1.029
1.047
1.027
1.018
1.047
1.045
1.036
1.037
1.021
1.018
1.038
1.032
1.045
1.041
1.024
1.048
1.013
1.03
1.033
1.039
1.038
1.013
1.025
1.024
1.031
1.02
1.016
1.052
1.037
1.023
1.018
1.033
1.04
1.037
1.045
1.047
1.016
1.043
1.028
1.033
1.04
1.028
1.04
1.028
1.031
1.029
1.027
1.032
1.029
1.028
1.041
1.052
1.033
1.038
1.039
1.032
1.051
1.034
1.036
1.039
1.025
1.028
1.039
1.043
1.032
1.029
1.049
1.03
1.031
1.032
1.046
1.032
1.029
1.039
1.035
1.027
1.033
1.038
1.044
1.033
1.035
1.053
1.038
1.026
1.028
1.04
1.035
1.029
1.043
1.029
1.023
1.044
1.071
1.028