1
1.0
1.05
1.048
1.009
1.0
1.027
1.044
1.05
1.056
1.045
1.072
1.041
1.026
1.013
1.019
1.012
1.012
1.036
1.035
1.056
1.042
1.02
1.04
1.034
1.033
1.033
1.023
1.031
1.031
1.039
1.008
1.037
1.028
1.024
1.028
1.027
1.038
1.045
1.032
1.067
1.037
1.023
1.035
1.037
1.054
1.044
1.046
1.031
1.044
1.038
1.062
1.042
1.032
1.039
1.016
1.049
1.058
1.05
1.023
1.026
1.032
1.033
1.017
1.028
1.026
1.049
1.033
1.024
1.037
1.035
1.042
1.056
1.035
1.023
1.017
1.041
1.043
1.037
1.036
1.042
1.046
1.043
1.061
1.036
1.032
1.033
1.029
1.075
1.026
1.031
1.027
1.038
1.029
1.058
1.053
1.038
1.015
1.03
1.035
1.051
1.052
1.016
1.055
1.039
1.045
1.017
1.04
1.057
1.039
1.028
1.028
1.063
1.005
1.081
1.006
1.04
1.04
1.034
1.033
1.027
1.032
1.048
1.037
1.01
1.015
1.01
1.01
1.03
1.039
1.034
1.033
1.014
1.028
1.05
1.013
1.026
1.047
1.037
1.036
1.047
1.019
1.034
1.045
1.022
1.035
1.034
1.023
1.037
1.035
1.029
1.032
1.038
1.018
1.065
1.041
1.066
1.052
1.035
1.043
1.037
1.037
1.049
1.041
1.044
1.039
1.052
1.039
1.052
1.031
1.047
1.051
1.024
1.038
1.023
1.021
1.034
1.03
1.051
1.053
1.053
1.021
1.017
1.04
1.023
1.04
1.041
1.021
1.027
1.04
1.0
1.031
1.019
1.013
1.09
1.013
1.034
1.035
1.021
1.035
1.029
1.08
1.034
1.007
1.021
1.028
1.036
1.029
1.05
1.014
1.036
1.029
1.029
1.029
1.05
1.021
1.021
1.0
1.007
1.007
1.061
1.013
1.026
1.019
1.056
1.041
1.076
1.011
1.028
1.033
1.027
1.016
1.021
1.026
1.041
1.045
1.057
1.014
1.059
1.056
1.033
1.032
1.031
1.046
1.037
1.014
1.029
1.014
1.032
1.021
1.042
1.04
1.062
1.022
1.051
1.056
1.036
1.033
1.036
1.056
1.026
1.049
1.03
1.024
1.046
1.028
1.044
1.047
1.022
1.05
1.041
1.038
1.032
1.022
1.059
1.031
1.063
1.023
1.057
1.041
1.029
1.027
1.033
1.014
1.025
1.02
1.042
1.01
1.011
1.028
1.006
1.049
1.037
1.019
1.045
1.025
1.013
1.013
1.02
1.054
1.027
1.053
1.039
1.05
1.049
1.036
1.018
1.023
1.04
1.038
1.043
1.031
1.015
1.036
1.03
1.044
1.033
1.047
1.041
1.031
1.039
1.017
1.017
1.016
1.016
1.056
1.031
1.057
1.048
1.036
1.054
1.02
1.014
1.018
1.043
1.025
1.038
1.027
1.038
1.044
1.023
1.05
1.032
1.019
1.016
1.02
1.016
1.029
1.079
1.027
1.047
1.023
1.02
1.04
1.019
1.073
1.028
1.025
1.022
1.04
1.05
1.038
1.036
1.052
1.027
1.044
1.025
1.034
1.04
1.023
1.041
1.03
1.025
1.035
1.026
1.024
1.042
1.032
1.044
1.038
1.038
1.071
1.028
1.041
1.025
1.038
1.03
1.017
1.044
1.014
1.034
1.019
1.039
1.025
1.03
1.04
1.04
1.04
1.02
1.01
1.042
1.031
1.026
1.031
1.015
1.015
1.021
1.031
1.066
1.025
1.039
1.038
1.037
1.023
1.036
1.048
1.021
1.025
1.029
1.02
1.053
1.023
1.027
1.019
1.018
1.04
1.011
1.018
1.057
1.037
1.046
1.038
1.038
1.038
1.031
1.043
1.033
1.036
1.046
1.066
1.039
1.039
1.031
1.071
1.038
1.055
1.023
1.03
1.017
1.032
1.018
1.019
1.052
1.024
1.029
1.021
1.034
1.004
1.027
1.05
1.022
1.032
1.058
1.039
1.009
1.009
1.014
1.024
1.038
1.019
1.024
1.024
1.048
1.028
1.05
1.048
1.025
1.046
1.057
1.031
1.046
1.041
1.029
1.025
1.081
1.03
1.053
1.023
1.068
1.022
1.028
1.025
1.04
1.049
1.057
1.027
1.024
1.043
1.037
1.043
1.049
1.036
1.027
1.034
1.031
1.048
1.019
1.023
1.027
1.011
1.03
1.027
1.032
1.025
1.013
1.039
1.043
1.034
1.04
1.018
1.023
1.033
1.029
1.01
1.034
1.03
1.058
1.038
1.014
1.024
1.043
1.028
1.014
1.052
1.036
1.044
1.03
1.017
1.053
1.027
1.046
1.048
1.064
1.048
1.043
1.042
1.022
1.035
1.032
1.032
1.031
1.04
1.046
1.054
1.015
1.015
1.031
1.054
1.051
1.029
1.056
1.029
1.03
1.023
1.027
1.014
1.028
1.025
1.036
1.068
1.041
1.017
1.035
1.043
1.032
1.015
1.042
1.031
1.036
1.052
1.027
1.028
1.048
1.036
1.048
1.016
1.033
1.046
1.025
1.029
1.038
1.045
1.016
1.033
1.029
1.032
1.032
1.032
1.016
1.058
1.036
1.044
1.012
1.037
1.061
1.039
1.051
1.034
1.038
1.026
1.038
1.056
1.029
1.022
1.011
1.056
1.056
1.059
1.032
1.033
1.051
1.051
1.046
1.021
1.047
1.014
1.051
1.047
1.051
1.018
1.043
1.039
1.02
1.049
1.016
1.045
1.032
1.032
1.029
1.025
1.033
1.045
1.02
1.053
1.052
1.043
1.046
1.039
1.043
1.031
1.047
1.023
1.02
1.045
1.053
1.052
1.039
1.051
1.048
1.045
1.041
1.077
1.021
1.034
1.013
1.068
1.018
1.046
1.028
1.029
1.035
1.016
1.016
1.022
1.011
1.051
1.011
1.052
1.034
1.052
1.051
1.05
1.054
1.037
1.056
1.02
1.044
1.088
1.059
1.065
1.05
1.03
1.05
1.056
1.02
1.037
1.033
1.025
1.017
1.026
1.004
1.018
1.023
1.014
1.043
1.014
1.024
1.019
1.029
1.033
1.028
1.051
1.054
1.043
1.037
1.032
1.064
1.015
1.038
1.027
1.031
1.034
1.015
1.027
1.035
1.027
1.031
1.049
1.041
1.018
1.025
1.04
1.025
1.022
1.036
1.015
1.03
1.041
1.047
1.065
1.038
1.024
1.024
1.031
1.044
1.043
1.045
1.034
1.019
1.032
1.051
1.022
1.028
1.035
1.038
1.023
1.033
1.03
1.069
1.04
1.031
1.028
1.031
1.028
1.025
1.019
1.053
1.026
1.044
1.026
1.053
1.042
1.037
1.041
1.045
1.059
1.026
1.042
1.035
1.05
1.031
1.024
1.033
1.017
1.017
1.022
1.036
1.049
1.018
1.05
1.036
1.048
1.05
1.026
1.04
1.03
1.031
1.031
1.053
1.026
1.044
1.039
1.049
1.022
1.041
1.054
1.027
1.045
1.026
1.031
1.048
1.059
1.02
1.021
1.042
1.045
1.043
1.049
1.023
1.027
1.04
1.031
1.066
1.071
1.021
1.072
1.017
1.032
1.039
1.024
1.049
1.031
1.032
1.007
1.056
1.045
1.041
1.043
1.008
1.032
1.02
1.045
1.037
1.008
1.022
1.049
1.074
1.026
1.017
1.031
1.05
1.035
1.044
1.022
1.032
1.041
1.054
1.018
1.022
1.027
1.028
1.047
1.014
1.014
1.029
1.042
1.014
1.014
1.047
1.054
1.022
1.026
1.029
1.029
1.032
1.039
1.046
1.011
1.061
1.043
1.017
1.035
1.017
1.025
1.042
1.041
1.034
1.056
1.032
1.029
1.023
1.052
1.056
1.048
1.021
1.033
1.03
1.028
1.031
1.025
1.034
1.052
1.024
1.043
1.03
1.018
1.043
1.028
1.024
1.018
1.037
1.034
1.016
1.022
1.016
1.028
1.044
1.021
1.061
1.045
1.03
1.022
1.025
1.047
1.032
1.029
1.04
1.05
1.041
1.034
1.025
1.039
1.032
1.043
1.048
1.044
1.04
1.055
1.018
1.035
1.028
1.021
1.042
1.013
1.036
1.013
1.042
1.056
1.014
1.03
1.025
1.054
1.028
1.078
1.027
1.082
1.037
1.037
1.016
1.073
1.033
1.028
1.022
1.029
1.058
1.056
1.016
1.033
1.022
1.039
1.049
1.037
1.037
1.061
1.062
1.065
1.04
1.035
1.034
1.03
1.021
1.041
1.037
1.033
1.038
1.046
1.02
1.021
1.017
1.041
1.024
1.036
1.039
1.057
1.043
1.017
1.018
1.024
1.024
1.038