1
1.0
1.0
1.0
1.0
1.0
1.0
1.0
1.0
1.0
1.0
1.0
1.0
1.0
1.0
1.0
1.0
1.0
1.0
1.0
1.0
1.0
1.0
1.0
1.0
1.0
1.0
1.0
1.0
1.0
1.0
1.0
1.0
1.0
1.0
1.0
1.0
1.0
1.0
1.0
1.0
3.0
1.0
1.0
1.0
1.0
1.0
1.0
1.0
1.0
1.0
1.0
1.0
1.0
1.0
1.0
1.0
1.0
1.0
1.0
1.0
1.0
1.0
1.0
1.0
1.0
1.0
1.0
1.0
1.0
1.0
1.0
1.0
1.0
1.0
1.0
1.0
1.0
1.0
1.0
1.0
1.0
1.0
1.333
1.0
1.25
1.0
1.0
1.0
1.0
1.0
1.0
1.0
1.0
1.0
1.0
1.0
1.0
1.0
1.0
1.0
1.0
1.0
1.25
1.0
1.0
1.0
1.0
1.4
1.0
1.0
1.0
1.0
1.286
1.0
1.0
1.0
1.0
1.0
1.0
1.0
1.111
1.0
1.0
1.0
1.1
1.0
1.0
1.0
1.091
1.0
1.0
1.0
1.167
1.214
1.0
1.294
1.091
1.042
1.04
1.0
1.0
1.038
1.0
1.0
1.0
1.037
1.0
1.074
1.0
1.0
1.034
1.033
1.0
1.065
1.0
1.061
1.0
1.029
1.057
1.0
1.0
1.111
1.0
1.051
1.0
1.049
1.024
1.023
1.068
1.021
1.042
1.02
1.02
1.0
1.042
1.02
1.02
1.038
1.0
1.057
1.018
1.035
1.0
1.017
1.017
1.033
1.016
1.031
1.03
1.015
1.087
1.027
1.013
1.026
1.025
1.05
1.0
1.024
1.024
1.024
1.08
1.064
1.04
1.049
1.066
1.036
1.009
1.053
1.034
1.033
1.04
1.024
1.031
1.023
1.015
1.052
1.0
1.022
1.029
1.014
1.021
1.057
1.088
1.025
1.043
1.042
1.03
1.071
1.028
1.056
1.061
1.059
1.053
1.032
1.027
1.077
1.053
1.01
1.043
1.021
1.033
1.022
1.039
1.039
1.08
1.039
1.062
1.04
1.045
1.05
1.056
1.062
1.03
1.037
1.038
1.045
1.02
1.007
1.05
1.046
1.024
1.0
1.057
1.049
1.032
1.044
1.054
1.032
1.0
1.0
1.026
1.038
1.0
1.013
1.013
1.043
1.061
1.031
1.047
1.0
1.0
1.0
1.052
1.034
1.034
1.017
1.055
1.088
1.0
1.054
1.0
1.0
1.0
1.019
1.164
1.032
1.0
1.0
1.049
1.016
1.062
1.046
1.047
1.045
1.043
1.015
1.044
1.071
1.057
1.014
1.014
1.028
1.069
1.039
1.089
1.024
1.093
1.032
1.052
1.03
1.058
1.037
1.098
1.058
1.016
1.048
1.016
1.016
1.049
1.024
1.031
1.016
1.032
1.047
1.015
1.067
1.028
1.049
1.02
1.021
1.014
1.092
1.034
1.034
1.062
1.066
1.039
1.038
1.057
1.049
1.043
1.025
1.031
1.038
1.043
1.043
1.006
1.006
1.032
1.026
1.052
1.019
1.013
1.034
1.014
1.022
1.045
1.03
1.062
1.015
1.031
1.039
1.0
1.04
1.09
1.032
1.033
1.017
1.071
1.018
1.018
1.057
1.028
1.057
1.037
1.028
1.01
1.039
1.038
1.02
1.03
1.05
1.01
1.031
1.01
1.021
1.0
1.0
1.067
1.011
1.0
1.035
1.012
1.011
1.0
1.0
1.024
1.024
1.06
1.023
1.033
1.086
1.01
1.03
1.019
1.019
1.019
1.056
1.018
1.009
1.026
1.033
1.025
1.024
1.047
1.015
1.015
1.007
1.03
1.007
1.007
1.03
1.037
1.093
1.026
1.019
1.045
1.05
1.065
1.023
1.046
1.006
1.023
1.028
1.028
1.022
1.067
1.058
1.043
1.022
1.028
1.023
1.017
1.012
1.038
1.019
1.032
1.032
1.007
1.027
1.021
1.007
1.031
1.015
1.032
1.048
1.023
1.04
1.074
1.016
1.065
1.023
1.016
1.016
1.024
1.008
1.026
1.017
1.009
1.07
1.017
1.075
1.024
1.016
1.008
1.025
1.033
1.05
1.017
1.042
1.033
1.041
1.008
1.026
1.017
1.052
1.025
1.05
1.017
1.059
1.041
1.024
1.008
1.025
1.025
1.008
1.0
1.0
1.0
1.027
1.026
1.027
1.018
1.009
1.053
1.034
1.025
1.034
1.025
1.024
1.048
1.03
1.037
1.029
1.014
1.05
1.056
1.073
1.026
1.033
1.026
1.052
1.043
1.012
1.049
1.042
1.025
1.057
1.043
1.063
1.072
1.082
1.046
1.041
1.042
1.012
1.0
1.056
1.029
1.053
1.038
1.07
1.031
1.024
1.033
1.06
1.019
1.082
1.02
1.041
1.061
1.043
1.046
1.071
1.082
1.045
1.011
1.036
1.0
1.049
1.0
1.013
1.038
1.0
1.055
1.053
1.014
1.0
1.015
1.06
1.061
1.059
1.083
1.107
1.013
1.039
1.039
1.026
1.026
1.027
1.041
1.041
1.0
1.014
1.028
1.014
1.045
1.014
1.059
1.029
1.014
1.085
1.0
1.014
1.054
1.0
1.066
1.012
1.0
1.037
1.024
1.012
1.047
1.045
1.022
1.043
1.011
1.011
1.045
1.022
1.011
1.043
1.052
1.08
1.056
1.044
1.045
1.0
1.027
1.044
1.034
1.049
1.024
1.024
1.054
1.052
1.022
1.028
1.055
1.039
1.077
1.042
1.018
1.048
1.023
1.029
1.034
1.022
1.039
1.017
1.023
1.023
1.035
1.052
1.034
1.034
1.045
1.017
1.029
1.071
1.029
1.041
1.03
1.042
1.025
1.038
1.078
1.032
1.058
1.04
1.028
1.0
1.039
1.041
1.024
1.025
1.025
1.009
1.009
1.029
1.02
1.031
1.011
1.011
1.012
1.036
1.048
1.012
1.012
1.038
1.064
1.0
1.0
1.0
1.099
1.052
1.025
1.038
1.012
1.049
1.082
1.067
1.032
1.063
1.04
1.029
1.067
1.009
1.038
1.075
1.053
1.025
1.042
1.016
1.041
1.056
1.062
1.053
1.051
1.043
1.021
1.0
1.015
1.008
1.008
1.025
1.057
1.031
1.015
1.023
1.03
1.023
1.022
1.044
1.007
1.058
1.054
1.013
1.033
1.033
1.04
1.065
1.077
1.037
1.038
1.019
1.032
1.032
1.006
1.033
1.046
1.045
1.039
1.045
1.038
1.032
1.04
1.042
1.058
1.029
1.054
1.016
1.042
1.026
1.071
1.043
1.044
1.038
1.019
1.01
1.054
1.022
1.023
1.024
1.0
1.0
1.042
1.07
1.055
1.0
1.094
1.015
1.0
1.063
1.0
1.016
1.0
1.0
1.0
1.0
1.0
1.019
1.0
1.02
1.0
1.043
1.043
1.0
1.021
1.021
1.02
1.0
1.022
1.0
1.087
1.0
1.0
1.085
1.08
1.0
1.056
1.035
1.034
1.0
1.0
1.017
1.017
1.017
1.017
1.017
1.017
1.068
1.016
1.062
1.0
1.0
1.0
1.015
1.015
1.03
1.03
1.029
1.042
1.027
1.04
1.077
1.037
1.025
1.037
1.062
1.07
1.056
1.032
1.01
1.063
1.04
1.01
1.029
1.0
1.039
1.0
1.038
1.037
1.027
1.009
1.053
1.034
1.025
1.034
1.008
1.041
1.048
1.038
1.052
1.043
1.028
1.014
1.021
1.042
1.021
1.028
1.042
1.062
1.026
1.053
1.044
1.024
1.03
1.071
1.017
1.089
1.057
1.01
1.071
1.044
1.043
1.038
1.042
1.038
1.019
1.049
1.029
1.035
1.085
1.043
1.053
1.025
1.02
1.026
1.052
1.048
1.058
1.048
1.065
1.038
1.022
1.047
1.082
1.023
1.075
1.059
1.042
1.051
1.038
1.068
1.058
1.057
1.035
1.046
1.04
1.021
1.047
1.012
1.014
1.029
1.048
1.0
1.07
1.051
1.019
1.019
1.0
1.021
1.068
1.0
1.07
1.024
1.048
1.0
1.049
1.095
1.022
1.024
1.0
1.049
1.048
1.0
1.024
1.0
1.079
1.075
1.025
1.0
1.0
1.083
1.081
1.0
1.0
1.103
1.048
1.068
1.0
1.044
1.045
1.022
1.043
1.041
1.02
1.078
1.019
1.036
1.0
1.053
1.102
1.047
1.0
1.0
1.031
1.091
1.014
1.0
1.029
1.014
1.0
1.0
1.043
1.056
1.013
1.0
1.068
1.025
1.013
1.0
1.025
1.049
1.048
1.081
1.022
1.043