1
1.0
1.0
1.0
1.0
1.0
1.0
1.0
1.0
1.0
1.0
1.0
1.0
1.0
1.0
1.0
1.0
1.0
1.0
1.0
1.0
1.0
1.0
1.0
1.0
1.0
1.0
1.0
1.0
1.0
1.0
1.0
1.0
1.0
1.0
1.0
1.0
1.0
2.0
1.5
1.0
1.0
1.0
1.0
1.0
1.0
1.0
1.0
1.0
1.0
1.0
1.0
1.0
1.0
1.0
1.0
1.0
1.0
1.0
1.0
1.0
1.0
1.0
1.0
1.0
1.0
1.0
1.0
1.0
1.0
1.0
1.333
1.0
1.0
1.0
1.0
1.0
1.25
1.0
1.0
1.0
1.0
1.0
1.0
1.0
1.0
1.0
1.0
1.0
1.0
1.0
1.0
1.0
1.0
1.0
1.25
1.0
1.0
1.0
1.0
1.0
1.0
1.0
1.0
1.0
1.0
1.0
1.0
1.0
1.0
1.667
1.0
1.0
1.0
1.0
1.0
1.0
1.0
1.4
1.0
1.0
1.0
1.0
1.0
1.0
1.0
1.0
1.0
1.0
1.0
1.0
1.0
1.0
1.0
1.0
1.0
1.0
1.0
1.0
1.0
1.0
1.0
1.0
1.0
1.143
1.0
1.0
1.0
1.0
1.125
1.333
1.0
1.0
1.0
1.0
1.091
1.0
1.0
1.091
1.0
1.0
1.1
1.182
1.0
1.0
1.077
1.071
1.0
1.0
1.0
1.0
1.0
1.0
1.0
1.0
1.0
1.0
1.0
1.0
1.0
1.0
1.071
1.0
1.0
1.071
1.133
1.0
1.0
1.059
1.0
1.0
1.0
1.0
1.176
1.0
1.0
1.0
1.05
1.0
1.0
1.0
1.0
1.095
1.043
1.0
1.042
1.0
1.0
1.0
1.08
1.0
1.037
1.107
1.032
1.032
1.125
1.0
1.0
1.056
1.079
1.0
1.049
1.0
1.047
1.044
1.043
1.122
1.056
1.0
1.035
1.034
1.049
1.094
1.014
1.042
1.041
1.039
1.025
1.062
1.058
1.055
1.011
1.0
1.073
1.039
1.019
1.046
1.0
1.009
1.061
1.025
1.024
1.023
1.046
1.0
1.022
1.029
1.021
1.014
1.02
1.033
1.045
1.025
1.036
1.012
1.017
1.029
1.073
1.026
1.077
1.078
1.042
1.037
1.051
1.022
1.027
1.004
1.05
1.009
1.013
1.022
1.048
1.025
1.0
1.021
1.017
1.033
1.032
1.02
1.016
1.024
1.02
1.027
1.019
1.031
1.019
1.038
1.026
1.029
1.036
1.05
1.031
1.014
1.007
1.047
1.038
1.034
1.023
1.038
1.047
1.04
1.057
1.049
1.071
1.013
1.027
1.007
1.015
1.072
1.016
1.031
1.01
1.021
1.036
1.01
1.021
1.026
1.051
1.05
1.029
1.019
1.014
1.033
1.019
1.037
1.027
1.014
1.027
1.04
1.018
1.013
1.03
1.03
1.034
1.025
1.049
1.024
1.035
1.019
1.057
1.015
1.037
1.039
1.031
1.031
1.047
1.032
1.022
1.062
1.031
1.038
1.037
1.023
1.043
1.032
1.039
1.02
1.048
1.031
1.032
1.051
1.029
1.031
1.02
1.012
1.026
1.009
1.023
1.009
1.045
1.025
1.026
1.036
1.021
1.032
1.032
1.041
1.015
1.026
1.046
1.039
1.015
1.059
1.062
1.023
1.028
1.046
1.04
1.021
1.064
1.036
1.056
1.035
1.035
1.024
1.04
1.027
1.004
1.027
1.041
1.029
1.018
1.042
1.027
1.047
1.042
1.026
1.026
1.033
1.042
1.023
1.046
1.042
1.035
1.022
1.049
1.054
1.019
1.051
1.034
1.053
1.019
1.038
1.032
1.027
1.031
1.018
1.03
1.045
1.054
1.023
1.04
1.021
1.038
1.022
1.031
1.055
1.018
1.014
1.019
1.039
1.033
1.051
1.027
1.031
1.027
1.026
1.031
1.047
1.034
1.037
1.016
1.016
1.032
1.031
1.035
1.023
1.049
1.022
1.032
1.028
1.042
1.042
1.045
1.031
1.031
1.041
1.057
1.023
1.027
1.027
1.021
1.041
1.04
1.053
1.03
1.03
1.03
1.027
1.02
1.041
1.02
1.031
1.024
1.014
1.024
1.041
1.049
1.047
1.028
1.009
1.012
1.022
1.047
1.036
1.068
1.046
1.051
1.02
1.015
1.03
1.061
1.018
1.018
1.066
1.018
1.006
1.028
1.044
1.029
1.016
1.062
1.025
1.026
1.036
1.024
1.014
1.029
1.031
1.063
1.059
1.02
1.052
1.045
1.054
1.021
1.032
1.088
1.036
1.033
1.038
1.034
1.03
1.025
1.042
1.037
1.021
1.06
1.033
1.064
1.021
1.032
1.049
1.005
1.033
1.051
1.029
1.06
1.041
1.04
1.034
1.017
1.044
1.032
1.016
1.073
1.054
1.038
1.066
1.031
1.066
1.067
1.02
1.036
1.024
1.02
1.019
1.027
1.015
1.03
1.018
1.033
1.036
1.028
1.044
1.033
1.046
1.029
1.045
1.035
1.023
1.047
1.033
1.057
1.032
1.023
1.039
1.039
1.023
1.013
1.023
1.027
1.027
1.027
1.06
1.032
1.042
1.019
1.031
1.028
1.046
1.051
1.043
1.039
1.052
1.033
1.046
1.049
1.019
1.039
1.027
1.031
1.053
1.028
1.023
1.032
1.022
1.036
1.018
1.033
1.048
1.029
1.054
1.053
1.029
1.038
1.062
1.032
1.036
1.057
1.017
1.043
1.017
1.03
1.059
1.021
1.025
1.037
1.012
1.036
1.012
1.032
1.035
1.038
1.052
1.029
1.029
1.049
1.055
1.033
1.049
1.058
1.038
1.046
1.032
1.02
1.017
1.041
1.028
1.014
1.059
1.046
1.032
1.042
1.046
1.007
1.023
1.033
1.034
1.043
1.053
1.026
1.027
1.023
1.038
1.01
1.034
1.047
1.014
1.038
1.079
1.049
1.009
1.019
1.057
1.018
1.032
1.037
1.027
1.036
1.031
1.035
1.026
1.022
1.04
1.044
1.043
1.025
1.021
1.03
1.037
1.024
1.028
1.035
1.057
1.037
1.064
1.039
1.021
1.036
1.043
1.025
1.038
1.032
1.028
1.032
1.018
1.015
1.019
1.031
1.051
1.004
1.065
1.054
1.044
1.04
1.011
1.033
1.026
1.033
1.058
1.05
1.063
1.021
1.011
1.048
1.037
1.037
1.052
1.011
1.022
1.037
1.046
1.041
1.033
1.023
1.036
1.061
1.021
1.028
1.048
1.022
1.022
1.019
1.037
1.03
1.051
1.038
1.032
1.04
1.028
1.02
1.031
1.028
1.006
1.041
1.042
1.025
1.028
1.056
1.041
1.041
1.033
1.026
1.026
1.052
1.024
1.044
1.023
1.021
1.037
1.024
1.025
1.022
1.055
1.047
1.054
1.015
1.063
1.029
1.024
1.043
1.019
1.027
1.069
1.054
1.054
1.047
1.06
1.054
1.041
1.079
1.042
1.029
1.015
1.054
1.039
1.031
1.03
1.015
1.038
1.046
1.053
1.044
1.036
1.014
1.022
1.03
1.015
1.029
1.051
1.014
1.021
1.061
1.019
1.059
1.062
1.071
1.028
1.039
1.022
1.033
1.027
1.07
1.021
1.0
1.026
1.041
1.035
1.03
1.005
1.02
1.03
1.034
1.039
1.056
1.022
1.045
1.061
1.059
1.057
1.04
1.068
1.023
1.028
1.02
1.053
1.083
1.053
1.061
1.049
1.042
1.066
1.064
1.045
1.034
1.039
1.029
1.036
1.033
1.035
1.031
1.033
1.04
1.029
1.054
1.036
1.025
1.04
1.034
1.078
1.02
1.056
1.063
1.07
1.021
1.014
1.082
1.035
1.088
1.021
1.014
1.029
1.058
1.021
1.063
1.034
1.027
1.039
1.051
1.049
1.067
1.052
1.028
1.017
1.017
1.05
1.053
1.071
1.019
1.005
1.064
1.037
1.041
1.027
1.036
1.047
1.084
1.04
1.039
1.031
1.039
1.057
1.037
1.083
1.026
1.026
1.048
1.036
1.062
1.049
1.063
1.024
1.051
1.043
1.036
1.044
1.059
1.078
1.032
1.047
1.032
1.051
1.047
1.066
1.063
1.022
1.048
1.02
1.035
1.079
1.031
1.053
1.005
1.041
1.108
1.04
1.04
1.07
1.078
1.011
1.068
1.027
1.022
1.035
1.037
1.025
1.038
1.006
1.027
1.039
1.013
1.025
1.051
1.019
1.031
1.043
1.042
1.04
1.056
1.017
1.072
1.042
1.046
1.026
1.042
1.036
1.03
1.035
1.015