1
1.0
1.0
1.0
1.0
1.0
1.0
1.0
1.0
1.0
1.0
1.0
1.0
1.0
1.0
1.0
2.0
1.0
1.0
1.0
1.0
1.0
1.0
1.0
1.0
1.0
1.0
1.0
1.0
1.0
1.0
2.0
1.0
1.0
1.0
1.0
1.0
1.0
1.0
1.0
1.0
1.0
1.0
1.0
1.0
1.0
1.0
1.0
1.0
1.25
1.0
1.2
1.167
1.143
1.0
1.0
1.0
1.0
1.0
1.0
1.0
1.0
1.125
1.0
1.0
1.0
1.0
1.0
1.0
1.0
1.111
1.0
1.0
1.0
1.0
1.0
1.0
1.111
1.0
1.0
1.1
1.0
1.0
1.0
1.0
1.0
1.0
1.0
1.0
1.0
1.0
1.0
1.0
1.0
1.0
1.0
1.0
1.0
1.0
1.0
1.0
1.0
1.0
1.0
1.0
1.111
1.0
1.0
1.0
1.0
1.1
1.0
1.0
1.0
1.0
1.0
1.0
1.091
1.083
1.0
1.0
1.0
1.0
1.0
1.0
1.077
1.0
1.071
1.067
1.0
1.062
1.0
1.118
1.105
1.238
1.077
1.037
1.077
1.0
1.071
1.0
1.167
1.057
1.027
1.0
1.079
1.049
1.07
1.087
1.02
1.039
1.038
1.0
1.0
1.036
1.0
1.071
1.033
1.0
1.066
1.062
1.029
1.043
1.014
1.096
1.0
1.038
1.012
1.025
1.061
1.126
1.01
1.052
1.118
1.0
1.062
1.059
1.008
1.032
1.063
1.059
1.028
1.014
1.021
1.027
1.013
1.032
1.025
1.006
1.05
1.024
1.029
1.034
1.017
1.033
1.037
1.015
1.062
1.06
1.028
1.042
1.036
1.039
1.025
1.021
1.041
1.024
1.055
1.056
1.043
1.027
1.034
1.033
1.023
1.056
1.053
1.052
1.021
1.027
1.048
1.034
1.017
1.034
1.025
1.028
1.025
1.028
1.045
1.016
1.035
1.035
1.03
1.035
1.039
1.049
1.033
1.04
1.02
1.022
1.037
1.033
1.035
1.03
1.04
1.036
1.046
1.051
1.024
1.025
1.021
1.052
1.036
1.028
1.037
1.042
1.029
1.029
1.014
1.061
1.026
1.035
1.045
1.024
1.034
1.013
1.027
1.027
1.031
1.024
1.018
1.033
1.04
1.054
1.036
1.026
1.046
1.045
1.056
1.034
1.057
1.044
1.025
1.069
1.025
1.039
1.024
1.063
1.038
1.048
1.057
1.04
1.033
1.017
1.041
1.046
1.028
1.046
1.007
1.033
1.022
1.041
1.053
1.034
1.011
1.035
1.04
1.028
1.063
1.021
1.052
1.046
1.037
1.025
1.025
1.047
1.021
1.04
1.022
1.018
1.024
1.02
1.02
1.031
1.026
1.049
1.032
1.038
1.094
1.063
1.026
1.052
1.045
1.02
1.026
1.016
1.033
1.011
1.044
1.055
1.022
1.046
1.028
1.04
1.061
1.005
1.051
1.022
1.028
1.034
1.057
1.04
1.023
1.035
1.034
1.062
1.044
1.037
1.053
1.015
1.005
1.031
1.031
1.046
1.03
1.056
1.03
1.064
1.019
1.019
1.019
1.024
1.043
1.042
1.023
1.086
1.021
1.033
1.02
1.016
1.028
1.043
1.042
1.055
1.035
1.035
1.034
1.013
1.041
1.036
1.023
1.051
1.047
1.046
1.044
1.031
1.052
1.025
1.047
1.053
1.015
1.041
1.027
1.029
1.046
1.031
1.036
1.054
1.033
1.033
1.04
1.033
1.047
1.025
1.035
1.031
1.034
1.015
1.041
1.034
1.044
1.036
1.005
1.048
1.029
1.025
1.017
1.059
1.027
1.033
1.061
1.049
1.033
1.036
1.036
1.039
1.036
1.055
1.037
1.022
1.036
1.048
1.031
1.024
1.051
1.076
1.032
1.034
1.031
1.041
1.021
1.034
1.04
1.023
1.005
1.041
1.036
1.037
1.016
1.037
1.054
1.01
1.061
1.04
1.065
1.034
1.023
1.046
1.023
1.025
1.025
1.025
1.019
1.026
1.066
1.026
1.007
1.044
1.064
1.05
1.021
1.029
1.058
1.021
1.014
1.014
1.066
1.028
1.042
1.041
1.07
1.027
1.049
1.021
1.028
1.034
1.041
1.054
1.046
1.013
1.046
1.019
1.019
1.013
1.039
1.032
1.026
1.038
1.031
1.031
1.043
1.036
1.024
1.047
1.006
1.012
1.018
1.055
1.036
1.024
1.024
1.035
1.034
1.022
1.05
1.054
1.021
1.054
1.062
1.02
1.04
1.059
1.028
1.023
1.018
1.068
1.022
1.043
1.05
1.02
1.041
1.016
1.02
1.028
1.05
1.027
1.042
1.04
1.032
1.024
1.041
1.049
1.038
1.022
1.043
1.038
1.062
1.027
1.043
1.031
1.051
1.025
1.035
1.044
1.031
1.017
1.043
1.052
1.025
1.03
1.036
1.027
1.038
1.044
1.039
1.056
1.034
1.042
1.025
1.029
1.027
1.03
1.035
1.041
1.035
1.033
1.021
1.009
1.038
1.034
1.039
1.01
1.018
1.036
1.044
1.054
1.036
1.029
1.051
1.047
1.042
1.069
1.044
1.046
1.025
1.027
1.019
1.023
1.054
1.024
1.03
1.054
1.087
1.041
1.026
1.023
1.008
1.029
1.021
1.059
1.046
1.038
1.058
1.029
1.046
1.062
1.034
1.026
1.041
1.043
1.043
1.019
1.03
1.036
1.032
1.048
1.058
1.073
1.03
1.025
1.046
1.09
1.059
1.02
1.02
1.01
1.01
1.067
1.044
1.017
1.039
1.045
1.045
1.034
1.089
1.031
1.031
1.026
1.037
1.042
1.016
1.064
1.036
1.052
1.035
1.056
1.045
1.034
1.068
1.033
1.019
1.037
1.027
1.068
1.035
1.022
1.038
1.029
1.047
1.038
1.062
1.06
1.042
1.03
1.03
1.027
1.038
1.045
1.023
1.065
1.037
1.03
1.061
1.022
1.037
1.029
1.025
1.014
1.037
1.033
1.069
1.031
1.021
1.021
1.049
1.027
1.031
1.031
1.047
1.047
1.019
1.053
1.016
1.013
1.033
1.037
1.039
1.019
1.026
1.039
1.029
1.072
1.038
1.029
1.032
1.041
1.035
1.026
1.029
1.048
1.041
1.031
1.04
1.03
1.049
1.033
1.045
1.021
1.045
1.047
1.032
1.024
1.06
1.036
1.071
1.038
1.064
1.051
1.042
1.037
1.037
1.046
1.026
1.035
1.045
1.044
1.047
1.038
1.048
1.033
1.047
1.035
1.029
1.026
1.053
1.05
1.02
1.032
1.043
1.032
1.026
1.047
1.045
1.029
1.017
1.062
1.049
1.032
1.053
1.043
1.038
1.03
1.026
1.016
1.022
1.04
1.053
1.042
1.019
1.053
1.067
1.052
1.038
1.019
1.067
1.039
1.034
1.026
1.033
1.04
1.04
1.079
1.038
1.045
1.077
1.031
1.018
1.026
1.059
1.046
1.02
1.014
1.028
1.028
1.043
1.022
1.044
1.036
1.015
1.031
1.031
1.031
1.038
1.061
1.06
1.036
1.028
1.042
1.021
1.021
1.036
1.021
1.021
1.021
1.022
1.015
1.022
1.015
1.039
1.023
1.023
1.053
1.014
1.043
1.021
1.048
1.066
1.032
1.019
1.055
1.029
1.029
1.062
1.053
1.015
1.035
1.029
1.047
1.009
1.032
1.013
1.022
1.031
1.035
1.046
1.02
1.044
1.061
1.051
1.028
1.041
1.057
1.055
1.035
1.015
1.037
1.033
1.018
1.055
1.051
1.033
1.04
1.039
1.018
1.034
1.033
1.02
1.033
1.035
1.043
1.044
1.029
1.043
1.033
1.051
1.023
1.044
1.025
1.05
1.04
1.047
1.026
1.024
1.029
1.048
1.028
1.033
1.031
1.036
1.032
1.04
1.023
1.031
1.042
1.037
1.038
1.037
1.023
1.038
1.033
1.036
1.031
1.044
1.052
1.043
1.04
1.031
1.029
1.037
1.056
1.044
1.045
1.02
1.004
1.021
1.031
1.014
1.044
1.054
1.055
1.044
1.039
1.04
1.036
1.052
1.063
1.02
1.015
1.049
1.022
1.029
1.048
1.078
1.068
1.039
1.029
1.053
1.06
1.076
1.028
1.04
1.03
1.061
1.055
1.049
1.031
1.025
1.038
1.057
1.032
1.032
1.026
1.053
1.032
1.027
1.041
1.013
1.04
1.021
1.062
1.02
1.041
1.02
1.034
1.034
1.026
1.02
1.013
1.047
1.019
1.089
1.053
1.045
1.044
1.039
1.011
1.033
1.017
1.029
1.028
1.04