1
1.0
1.2
1.083
1.0
1.0
1.0
1.077
1.143
1.062
1.059
1.111
1.0
1.05
1.0
1.0
1.0
1.143
1.0
1.042
1.0
1.08
1.0
1.0
1.0
1.074
1.0
1.103
1.062
1.059
1.139
1.0
1.0
1.049
1.07
1.065
1.02
1.02
1.0
1.0
1.02
1.038
1.0
1.037
1.0
1.054
1.051
1.048
1.015
1.045
1.0
1.029
1.0
1.028
1.014
1.027
1.039
1.0
1.09
1.012
1.023
1.0
1.0
1.0
1.08
1.021
1.041
1.03
1.029
1.075
1.035
1.101
1.015
1.038
1.022
1.021
1.021
1.061
1.045
1.025
1.03
1.023
1.023
1.028
1.005
1.048
1.072
1.014
1.019
1.028
1.027
1.018
1.057
1.041
1.053
1.035
1.038
1.026
1.041
1.025
1.024
1.034
1.043
1.029
1.035
1.037
1.03
1.032
1.038
1.029
1.026
1.023
1.053
1.026
1.018
1.033
1.009
1.021
1.033
1.035
1.018
1.05
1.029
1.037
1.023
1.029
1.032
1.017
1.014
1.039
1.027
1.024
1.045
1.027
1.025
1.016
1.019
1.03
1.043
1.02
1.042
1.036
1.049
1.038
1.04
1.04
1.036
1.057
1.012
1.056
1.047
1.013
1.031
1.046
1.019
1.05
1.038
1.029
1.05
1.025
1.016
1.043
1.022
1.066
1.048
1.068
1.045
1.044
1.025
1.05
1.072
1.037
1.032
1.065
1.009
1.027
1.018
1.066
1.036
1.014
1.014
1.019
1.024
1.029
1.019
1.014
1.024
1.056
1.018
1.023
1.049
1.035
1.034
1.038
1.036
1.043
1.045
1.011
1.011
1.033
1.025
1.028
1.048
1.039
1.041
1.025
1.034
1.048
1.029
1.046
1.042
1.027
1.055
1.049
1.04
1.024
1.038
1.041
1.054
1.043
1.03
1.022
1.037
1.02
1.039
1.021
1.031
1.025
1.023
1.02
1.017
1.024
1.057
1.047
1.047
1.031
1.027
1.02
1.029
1.051
1.042
1.017
1.075
1.054
1.055
1.014
1.049
1.025
1.036
1.032
1.054
1.043
1.049
1.059
1.022
1.028
1.04
1.046
1.029
1.059
1.006
1.031
1.038
1.057
1.03
1.012
1.0
1.043
1.037
1.03
1.023
1.058
1.022
1.049
1.026
1.046
1.024
1.039
1.061
1.04
1.043
1.029
1.04
1.023
1.046
1.007
1.033
1.057
1.037
1.026
1.043
1.026
1.057
1.018
1.024
1.029
1.029
1.028
1.053
1.029
1.029
1.021
1.047
1.028
1.07
1.024
1.053
1.031
1.022
1.046
1.037
1.012
1.073
1.025
1.041
1.02
1.034
1.029
1.038
1.032
1.028
1.05
1.043
1.064
1.032
1.05
1.047
1.024
1.019
1.024
1.021
1.022
1.042
1.023
1.029
1.041
1.084
1.047
1.043
1.017
1.049
1.064
1.036
1.052
1.023
1.019
1.024
1.045
1.045
1.061
1.031
1.005
1.048
1.016
1.06
1.043
1.032
1.016
1.034
1.028
1.016
1.028
1.022
1.028
1.028
1.038
1.069
1.056
1.034
1.038
1.041
1.018
1.036
1.066
1.054
1.02
1.055
1.034
1.026
1.014
1.043
1.056
1.023
1.027
1.069
1.028
1.022
1.04
1.036
1.048
1.063
1.041
1.023
1.03
1.037
1.018
1.04
1.043
1.043
1.061
1.024
1.015
1.026
1.039
1.052
1.048
1.039
1.036
1.041
1.038
1.038
1.046
1.051
1.05
1.025
1.026
1.035
1.02
1.05
1.045
1.038
1.022
1.057
1.047
1.085
1.02
1.049
1.069
1.027
1.055
1.075
1.019
1.027
1.028
1.024
1.025
1.021
1.043
1.026
1.045
1.018
1.022
1.027
1.054
1.009
1.032
1.041
1.05
1.027
1.049
1.039
1.027
1.04
1.031
1.0
1.052
1.014
1.041
1.022
1.039
1.034
1.025
1.078
1.046
1.037
1.036
1.035
1.045
1.017
1.02
1.041
1.039
1.061
1.056
1.047
1.045
1.026
1.024
1.036
1.021
1.022
1.038
1.032
1.029
1.016
1.023
1.017
1.032
1.026
1.053
1.022
1.008
1.016
1.069
1.02
1.02
1.029
1.036
1.048
1.024
1.055
1.019
1.054
1.033
1.022
1.048
1.004
1.018
1.05
1.021
1.022
1.018
1.018
1.014
1.04
1.029
1.025
1.022
1.051
1.032
1.039
1.042
1.028
1.031
1.011
1.043
1.021
1.043
1.029
1.029
1.043
1.033
1.036
1.026
1.011
1.011
1.03
1.03
1.019
1.045
1.018
1.023
1.038
1.027
1.034
1.018
1.025
1.029
1.04
1.039
1.021
1.044
1.028
1.031
1.024
1.066
1.043
1.045
1.034
1.05
1.024
1.019
1.043
1.045
1.03
1.021
1.03
1.039
1.027
1.051
1.032
1.047
1.026
1.042
1.031
1.039
1.044
1.033
1.014
1.032
1.04
1.035
1.029
1.033
1.015
1.029
1.046
1.023
1.02
1.039
1.04
1.036
1.044
1.055
1.042
1.039
1.02
1.05
1.072
1.034
1.044
1.04
1.06
1.024
1.03
1.015
1.055
1.056
1.047
1.041
1.071
1.012
1.0
1.0
1.042
1.007
1.007
1.023
1.008
1.039
1.092
1.036
1.028
1.057
1.041
1.013
1.027
1.033
1.039
1.058
1.032
1.025
1.038
1.044
1.006
1.012
1.025
1.018
1.024
1.036
1.023
1.063
1.011
1.022
1.053
1.041
1.054
1.0
1.024
1.023
1.041
1.022
1.035
1.026
1.021
1.025
1.059
1.016
1.029
1.016
1.032
1.047
1.053
1.018
1.025
1.043
1.017
1.028
1.048
1.041
1.04
1.035
1.019
1.026
1.013
1.047
1.018
1.039
1.041
1.023
1.037
1.05
1.051
1.026
1.04
1.053
1.029
1.022
1.028
1.056
1.028
1.038
1.058
1.06
1.03
1.025
1.029
1.035
1.029
1.043
1.04
1.017
1.046
1.042
1.047
1.022
1.042
1.012
1.013
1.031
1.014
1.035
1.031
1.016
1.011
1.017
1.04
1.041
1.012
1.006
1.02
1.02
1.034
1.013
1.007
1.035
1.056
1.02
1.014
1.048
1.041
1.033
1.013
1.033
1.038
1.037
1.036
1.06
1.035
1.051
1.027
1.059
1.03
1.03
1.01
1.02
1.049
1.028
1.041
1.05
1.035
1.061
1.038
1.078
1.028
1.028
1.024
1.024
1.036
1.052
1.051
1.072
1.05
1.042
1.031
1.048
1.033
1.044
1.06
1.01
1.041
1.024
1.039
1.032
1.04
1.025
1.029
1.019
1.064
1.04
1.04
1.054
1.031
1.039
1.064
1.025
1.04
1.034
1.045
1.019
1.019
1.043
1.043
1.023
1.04
1.036
1.048
1.024
1.032
1.028
1.028
1.016
1.041
1.037
1.029
1.046
1.058
1.052
1.047
1.031
1.034
1.011
1.034
1.034
1.061
1.022
1.022
1.037
1.051
1.046
1.039
1.067
1.047
1.039
1.01
1.041
1.027
1.041
1.042
1.055
1.034
1.05
1.043
1.022
1.027
1.043
1.048
1.029
1.045
1.05
1.023
1.033
1.025
1.033
1.063
1.04
1.064
1.036
1.012
1.026
1.04
1.035
1.044
1.029
1.015
1.046
1.062
1.023
1.039
1.008
1.04
1.0
1.042
1.056
1.0
1.0
1.018
1.053
1.026
1.018
1.026
1.071
1.051
1.0
1.06
1.025
1.033
1.04
1.046
1.022
1.015
1.03
1.073
1.021
1.041
1.033
1.065
1.025
1.012
1.055
1.041
1.039
1.011
1.027
1.037
1.026
1.056
1.069
1.051
1.041
1.049
1.017
1.038
1.008
1.046
1.024
1.039
1.008
1.035
1.038
1.033
1.025
1.025
1.035
1.024
1.01
1.027
1.057
1.026
1.064
1.037
1.052
1.021
1.039
1.038
1.048
1.055
1.062
1.026
1.055
1.033
1.048
1.045
1.038
1.046
1.033
1.034
1.021
1.022
1.04
1.049
1.035
1.021
1.038
1.028
1.042
1.029
1.034
1.024
1.053
1.053
1.029
1.045
1.038
1.039
1.04
1.025
1.008
1.031
1.046
1.028
1.029
1.036
1.03
1.072
1.089
1.038
1.005
1.06
1.035
1.031
1.053
1.011
1.005
1.034
1.067
1.017
1.012
1.029
1.036
1.024
1.042
1.012
1.032
1.052
1.013
1.059
1.019
1.07
1.03
1.03
1.012
1.018
1.058
1.011
1.023
1.033
1.049
1.016
1.041