1
1.0
1.0
1.0
1.0
1.0
1.0
1.0
1.0
1.0
1.0
1.0
1.0
1.0
1.0
1.0
1.0
1.0
1.0
1.0
1.0
1.0
1.0
1.0
1.0
1.0
1.0
1.0
1.0
1.0
1.0
1.0
1.0
1.0
1.0
1.0
1.0
1.0
2.0
1.0
1.0
1.0
1.0
1.0
1.0
1.0
1.0
2.0
1.0
1.0
1.0
1.0
1.5
1.0
1.0
1.167
1.0
1.0
1.0
1.0
1.0
1.0
1.143
1.0
1.0
1.0
1.25
1.0
1.0
1.2
1.0
1.0
1.0
1.0
1.0
1.0
1.0
1.25
1.0
1.0
1.133
1.0
1.0
1.0
1.0
1.059
1.0
1.0
1.0
1.0
1.0
1.0
1.0
1.118
1.053
1.0
1.0
1.1
1.091
1.0
1.083
1.038
1.074
1.0
1.071
1.0
1.0
1.0
1.033
1.065
1.061
1.0
1.029
1.0
1.0
1.0
1.029
1.056
1.0
1.053
1.0
1.0
1.05
1.048
1.023
1.0
1.0
1.0
1.022
1.043
1.021
1.041
1.02
1.0
1.0
1.02
1.0
1.019
1.0
1.0
1.0
1.039
1.057
1.018
1.036
1.0
1.017
1.0
1.085
1.031
1.046
1.0
1.015
1.088
1.081
1.05
1.036
1.057
1.087
1.04
1.0
1.01
1.01
1.038
1.028
1.018
1.061
1.017
1.089
1.022
1.029
1.035
1.014
1.014
1.013
1.04
1.071
1.024
1.036
1.057
1.022
1.058
1.0
1.051
1.034
1.091
1.079
1.033
1.033
1.045
1.02
1.02
1.035
1.035
1.023
1.049
1.033
1.065
1.024
1.034
1.02
1.013
1.036
1.028
1.028
1.053
1.03
1.018
1.038
1.026
1.045
1.036
1.043
1.024
1.034
1.041
1.033
1.033
1.027
1.037
1.035
1.033
1.023
1.033
1.016
1.049
1.068
1.038
1.041
1.052
1.036
1.019
1.023
1.034
1.033
1.04
1.036
1.041
1.008
1.042
1.051
1.013
1.036
1.041
1.024
1.054
1.03
1.041
1.07
1.005
1.055
1.038
1.059
1.005
1.028
1.011
1.024
1.006
1.045
1.013
1.046
1.026
1.072
1.006
1.013
1.006
1.032
1.025
1.025
1.063
1.036
1.035
1.023
1.023
1.017
1.029
1.062
1.038
1.016
1.021
1.015
1.01
1.066
1.063
1.023
1.023
1.062
1.017
1.017
1.009
1.051
1.024
1.036
1.02
1.04
1.004
1.016
1.054
1.019
1.037
1.036
1.014
1.021
1.0
1.031
1.021
1.027
1.027
1.043
1.045
1.031
1.037
1.024
1.033
1.036
1.036
1.037
1.037
1.058
1.05
1.031
1.02
1.04
1.003
1.042
1.047
1.046
1.02
1.035
1.018
1.015
1.042
1.026
1.041
1.052
1.038
1.035
1.047
1.045
1.023
1.029
1.004
1.013
1.036
1.023
1.028
1.029
1.015
1.015
1.047
1.016
1.07
1.036
1.02
1.025
1.045
1.019
1.035
1.044
1.028
1.018
1.028
1.018
1.032
1.049
1.034
1.033
1.044
1.043
1.038
1.025
1.029
1.029
1.032
1.042
1.04
1.033
1.035
1.028
1.037
1.015
1.044
1.04
1.063
1.026
1.038
1.026
1.009
1.024
1.025
1.051
1.044
1.012
1.035
1.032
1.046
1.046
1.027
1.051
1.031
1.028
1.051
1.025
1.034
1.031
1.029
1.021
1.018
1.015
1.036
1.03
1.051
1.05
1.025
1.056
1.057
1.025
1.056
1.025
1.042
1.0
1.034
1.028
1.039
1.039
1.038
1.053
1.026
1.045
1.034
1.047
1.032
1.018
1.054
1.009
1.021
1.009
1.004
1.017
1.034
1.041
1.048
1.031
1.035
1.004
1.031
1.047
1.053
1.033
1.022
1.033
1.022
1.066
1.025
1.022
1.055
1.042
1.041
1.01
1.051
1.02
1.052
1.045
1.022
1.022
1.023
1.02
1.029
1.029
1.032
1.031
1.029
1.032
1.056
1.03
1.036
1.027
1.012
1.028
1.031
1.028
1.043
1.04
1.027
1.036
1.027
1.047
1.018
1.041
1.022
1.032
1.036
1.05
1.033
1.027
1.036
1.051
1.044
1.042
1.015
1.045
1.033
1.026
1.044
1.04
1.032
1.033
1.015
1.046
1.045
1.02
1.027
1.022
1.005
1.023
1.017
1.047
1.059
1.023
1.011
1.018
1.036
1.041
1.029
1.07
1.044
1.032
1.026
1.015
1.03
1.025
1.048
1.046
1.013
1.018
1.013
1.035
1.017
1.042
1.041
1.048
1.023
1.019
1.03
1.055
1.035
1.025
1.053
1.02
1.017
1.05
1.025
1.044
1.03
1.057
1.04
1.031
1.041
1.035
1.019
1.043
1.043
1.029
1.044
1.025
1.01
1.024
1.019
1.05
1.028
1.023
1.032
1.038
1.02
1.027
1.043
1.043
1.038
1.029
1.03
1.033
1.041
1.027
1.05
1.025
1.033
1.045
1.041
1.022
1.023
1.047
1.038
1.035
1.019
1.027
1.047
1.039
1.023
1.028
1.028
1.037
1.012
1.028
1.036
1.059
1.019
1.043
1.039
1.049
1.044
1.044
1.014
1.022
1.022
1.007
1.026
1.033
1.032
1.046
1.034
1.023
1.036
1.019
1.041
1.058
1.05
1.031
1.008
1.026
1.037
1.03
1.033
1.036
1.038
1.022
1.022
1.022
1.022
1.054
1.024
1.041
1.024
1.019
1.022
1.047
1.056
1.032
1.049
1.04
1.043
1.046
1.041
1.027
1.025
1.013
1.033
1.034
1.014
1.025
1.029
1.04
1.029
1.049
1.038
1.024
1.029
1.047
1.022
1.041
1.027
1.037
1.051
1.038
1.015
1.021
1.021
1.016
1.028
1.022
1.045
1.033
1.027
1.016
1.022
1.017
1.041
1.024
1.04
1.017
1.041
1.075
1.022
1.011
1.017
1.028
1.023
1.011
1.017
1.034
1.039
1.017
1.055
1.037
1.036
1.05
1.024
1.024
1.038
1.032
1.022
1.017
1.013
1.026
1.025
1.041
1.044
1.023
1.042
1.048
1.049
1.034
1.027
1.042
1.019
1.059
1.05
1.031
1.031
1.039
1.035
1.027
1.029
1.05
1.046
1.032
1.051
1.028
1.026
1.04
1.045
1.021
1.037
1.05
1.041
1.029
1.049
1.022
1.053
1.045
1.02
1.021
1.016
1.013
1.031
1.025
1.023
1.028
1.033
1.035
1.037
1.019
1.02
1.057
1.046
1.051
1.03
1.041
1.035
1.06
1.049
1.03
1.06
1.02
1.015
1.067
1.03
1.03
1.02
1.041
1.049
1.02
1.015
1.03
1.015
1.04
1.034
1.052
1.023
1.041
1.035
1.053
1.021
1.021
1.017
1.042
1.021
1.033
1.036
1.035
1.042
1.029
1.032
1.021
1.028
1.035
1.041
1.036
1.032
1.05
1.043
1.021
1.015
1.022
1.031
1.042
1.032
1.041
1.04
1.026
1.021
1.035
1.03
1.036
1.009
1.047
1.015
1.016
1.039
1.089
1.04
1.041
1.038
1.045
1.032
1.046
1.033
1.041
1.021
1.038
1.042
1.042
1.038
1.054
1.019
1.048
1.041
1.037
1.025
1.026
1.058
1.054
1.014
1.049
1.046
1.01
1.022
1.023
1.049
1.0
1.037
1.025
1.026
1.021
1.022
1.015
1.038
1.008
1.008
1.017
1.08
1.043
1.042
1.033
1.025
1.056
1.062
1.075
1.029
1.021
1.028
1.02
1.033
1.058
1.019
1.031
1.048
1.052
1.044
1.027
1.037
1.041
1.035
1.034
1.067
1.076
1.029
1.025
1.021
1.038
1.025
1.036
1.024
1.019
1.035
1.038
1.022
1.059
1.052
1.056
1.026
1.032
1.035
1.069
1.012
1.018
1.036
1.035
1.038
1.026
1.043
1.048
1.028
1.045
1.036
1.019
1.026
1.028
1.02
1.023
1.02
1.044
1.044
1.074
1.017
1.035
1.033
1.015
1.04
1.034
1.031
1.032
1.018
1.038
1.019
1.023
1.05
1.019
1.048
1.084
1.019
1.043
1.031
1.016
1.033
1.046
1.025
1.07
1.017
1.013
1.039
1.0
1.039
1.034
1.026
1.042
1.025
1.033
1.02
1.051
1.038
1.038
1.036
1.05
1.028
1.048
1.026
1.01
1.039
1.043
1.048
1.049
1.029
1.02
1.034
1.037
1.044
1.044
1.024
1.033
1.035
1.027
1.044
1.036
1.031
1.049
1.017
1.036
1.031
1.034
1.019