1
1.0
1.0
1.0
1.0
1.0
1.0
1.0
1.0
1.0
1.0
1.0
1.0
1.0
1.0
1.0
1.0
1.0
1.0
1.0
1.0
1.0
1.0
1.0
2.0
1.0
1.0
1.0
1.0
1.5
1.0
1.0
1.0
1.333
1.0
1.0
1.0
1.0
1.25
1.0
1.0
1.0
1.4
1.0
1.0
1.0
1.0
1.0
1.0
1.286
1.0
1.0
1.0
1.0
1.0
1.0
1.0
1.0
1.0
1.0
1.0
1.0
1.0
1.0
1.0
1.0
1.0
1.0
1.0
1.0
1.0
1.0
1.111
1.0
1.0
1.0
1.0
1.0
1.0
1.0
1.0
1.0
1.0
1.0
1.0
1.0
1.0
1.0
1.0
1.1
1.0
1.182
1.0
1.0
1.0
1.0
1.0
1.0
1.0
1.0
1.077
1.0
1.0
1.0
1.0
1.071
1.0
1.0
1.0
1.133
1.0
1.059
1.0
1.056
1.158
1.045
1.043
1.125
1.0
1.037
1.0
1.071
1.133
1.0
1.059
1.0
1.056
1.053
1.05
1.0
1.0
1.048
1.045
1.0
1.0
1.022
1.043
1.0
1.061
1.058
1.018
1.0
1.0
1.0
1.071
1.033
1.016
1.016
1.047
1.03
1.072
1.014
1.08
1.025
1.0
1.012
1.012
1.059
1.0
1.067
1.021
1.02
1.01
1.01
1.02
1.048
1.028
1.062
1.008
1.033
1.024
1.024
1.092
1.042
1.007
1.054
1.019
1.006
1.057
1.03
1.035
1.04
1.033
1.005
1.026
1.026
1.01
1.015
1.039
1.014
1.005
1.06
1.026
1.017
1.038
1.032
1.039
1.038
1.04
1.032
1.021
1.034
1.059
1.041
1.021
1.03
1.043
1.025
1.025
1.03
1.039
1.028
1.04
1.041
1.058
1.035
1.039
1.021
1.025
1.027
1.045
1.037
1.021
1.019
1.012
1.021
1.05
1.033
1.046
1.021
1.032
1.054
1.026
1.036
1.043
1.026
1.029
1.047
1.055
1.034
1.035
1.021
1.019
1.031
1.044
1.038
1.039
1.033
1.018
1.04
1.04
1.034
1.03
1.04
1.042
1.04
1.051
1.036
1.033
1.035
1.046
1.038
1.041
1.03
1.028
1.04
1.039
1.032
1.03
1.037
1.047
1.04
1.029
1.023
1.04
1.027
1.029
1.024
1.046
1.05
1.036
1.031
1.031
1.039
1.038
1.04
1.029
1.042
1.032
1.037
1.031
1.026
1.04
1.021
1.026
1.038
1.054
1.029
1.045
1.045
1.041
1.061
1.044
1.058
1.045
1.029
1.039
1.031
1.032
1.049
1.065
1.027
1.028
1.019
1.03
1.023
1.044
1.067
1.025
1.039
1.049
1.027
1.012
1.026
1.036
1.019
1.015
1.025
1.016
1.022
1.0
1.052
1.011
1.024
1.043
1.048
1.023
1.006
1.019
1.073
1.032
1.013
1.048
1.028
1.056
1.034
1.036
1.029
1.058
1.022
1.03
1.023
1.04
1.024
1.008
1.026
1.027
1.009
1.03
1.01
1.021
1.021
1.011
1.012
1.036
1.072
1.012
1.025
1.013
1.0
1.0
1.0
1.078
1.0
1.0
1.031
1.031
1.0
1.0
1.037
1.0
1.0
1.0
1.02
1.021
1.042
1.02
1.02
1.02
1.02
1.04
1.019
1.02
1.0
1.083
1.039
1.0
1.0
1.021
1.0
1.0
1.0
1.0
1.0
1.073
1.0
1.025
1.05
1.049
1.0
1.024
1.0
1.0
1.0
1.0
1.0
1.0
1.0
1.0
1.0
1.0
1.026
1.0
1.0
1.0
1.0
1.029
1.029
1.0
1.029
1.0
1.0
1.0
1.088
1.056
1.0
1.0
1.0
1.029
1.057
1.057
1.0
1.0
1.028
1.0
1.028
1.028
1.0
1.081
1.128
1.0
1.0
1.024
1.0
1.023
1.045
1.022
1.067
1.043
1.0
1.0
1.02
1.0
1.061
1.077
1.071
1.034
1.068
1.016
1.0
1.0
1.0
1.019
1.019
1.0
1.019
1.058
1.055
1.034
1.0
1.069
1.048
1.031
1.076
1.086
1.0
1.039
1.0
1.025
1.012
1.0
1.025
1.037
1.071
1.045
1.022
1.042
1.02
1.04
1.019
1.038
1.009
1.073
1.017
1.058
1.024
1.016
1.023
1.03
1.029
1.078
1.053
1.019
1.038
1.018
1.006
1.061
1.035
1.056
1.037
1.021
1.066
1.052
1.005
1.032
1.022
1.013
1.034
1.079
1.027
1.061
1.058
1.021
1.024
1.046
1.038
1.037
1.048
1.026
1.014
1.037
1.073
1.013
1.039
1.035
1.042
1.026
1.021
1.044
1.027
1.02
1.042
1.056
1.031
1.043
1.026
1.04
1.041
1.037
1.053
1.038
1.023
1.025
1.028
1.027
1.02
1.029
1.033
1.041
1.014
1.034
1.027
1.034
1.019
1.035
1.035
1.034
1.047
1.029
1.032
1.04
1.032
1.037
1.02
1.02
1.034
1.04
1.046
1.044
1.026
1.039
1.035
1.039
1.047
1.051
1.025
1.04
1.038
1.02
1.033
1.037
1.048
1.047
1.049
1.045
1.032
1.041
1.039
1.033
1.034
1.035
1.038
1.029
1.035
1.043
1.028
1.04
1.022
1.011
1.031
1.023
1.036
1.043
1.012
1.016
1.023
1.041
1.031
1.036
1.047
1.029
1.045
1.038
1.036
1.032
1.036
1.02
1.024
1.049
1.033
1.055
1.063
1.038
1.021
1.034
1.026
1.022
1.049
1.039
1.062
1.022
1.017
1.027
1.023
1.023
1.018
1.024
1.025
1.061
1.03
1.036
1.046
1.052
1.015
1.062
1.051
1.04
1.041
1.035
1.04
1.066
1.04
1.064
1.025
1.039
1.025
1.031
1.015
1.032
1.048
1.058
1.031
1.052
1.051
1.02
1.031
1.026
1.016
1.051
1.027
1.033
1.032
1.022
1.071
1.026
1.031
1.005
1.073
1.02
1.061
1.04
1.05
1.068
1.019
1.024
1.04
1.014
1.024
1.034
1.029
1.097
1.022
1.044
1.031
1.044
1.021
1.022
1.035
1.043
1.025
1.041
1.041
1.045
1.02
1.039
1.036
1.027
1.05
1.026
1.038
1.019
1.064
1.03
1.033
1.032
1.029
1.053
1.031
1.033
1.036
1.039
1.045
1.019
1.022
1.041
1.046
1.027
1.03
1.034
1.027
1.009
1.015
1.047
1.031
1.03
1.034
1.031
1.031
1.024
1.009
1.016
1.057
1.04
1.034
1.003
1.022
1.055
1.063
1.043
1.053
1.032
1.029
1.037
1.026
1.047
1.047
1.038
1.041
1.047
1.047
1.038
1.032
1.037
1.054
1.025
1.011
1.041
1.032
1.033
1.03
1.018
1.025
1.038
1.016
1.049
1.042
1.035
1.059
1.045
1.049
1.045
1.029
1.043
1.03
1.047
1.036
1.047
1.031
1.024
1.066
1.032
1.057
1.021
1.046
1.039
1.018
1.026
1.012
1.024
1.058
1.052
1.027
1.063
1.027
1.042
1.035
1.027
1.057
1.036
1.059
1.028
1.051
1.028
1.028
1.048
1.024
1.055
1.027
1.032
1.033
1.046
1.042
1.038
1.017
1.013
1.031
1.027
1.036
1.032
1.009
1.014
1.038
1.048
1.047
1.037
1.042
1.042
1.046
1.059
1.031
1.018
1.032
1.05
1.027
1.032
1.036
1.037
1.023
1.093
1.022
1.013
1.036
1.041
1.064
1.068
1.031
1.052
1.025
1.046
1.032
1.037
1.024
1.041
1.029
1.021
1.021
1.017
1.034
1.03
1.026
1.026
1.026
1.053
1.057
1.017
1.013
1.099
1.043
1.047
1.048
1.038
1.068
1.036
1.048
1.048
1.051
1.035
1.004
1.035
1.038
1.061
1.026
1.046
1.053
1.014
1.022
1.045
1.034
1.023
1.031
1.023
1.038
1.038
1.037
1.037
1.055
1.025
1.025
1.028
1.028
1.035
1.035
1.043
1.032
1.036
1.039
1.028
1.043
1.049
1.035
1.045
1.042
1.028
1.052
1.045
1.014
1.042
1.064
1.024
1.021
1.025
1.014
1.029
1.055
1.065
1.032
1.022
1.041
1.019
1.026
1.015
1.031
1.02
1.012
1.05
1.025
1.038
1.061
1.044
1.02
1.04
1.032
1.033
1.028
1.033
1.029
1.017
1.051
1.021
1.05
1.045
1.02
1.048
1.047
1.05
1.064
1.022
1.038
1.049
1.034
1.049
1.026
1.034
1.026
1.049
1.055
1.057
1.034
1.024
1.055