1
1.0
1.0
1.0
1.0
1.0
1.0
1.0
1.0
1.0
1.0
1.0
1.0
1.0
2.0
1.5
1.0
1.0
1.0
1.0
1.0
1.0
1.0
1.0
1.0
1.0
1.0
1.0
1.0
1.0
1.0
1.0
1.0
1.0
1.0
1.0
1.0
1.0
1.0
1.0
1.0
1.0
1.0
1.0
1.0
1.0
1.0
1.0
1.0
1.333
1.0
1.0
1.0
1.0
1.0
1.0
1.0
1.0
1.0
1.0
1.0
1.333
1.0
1.0
1.0
1.0
1.5
1.0
1.0
1.0
1.0
1.0
1.0
1.0
1.0
1.0
1.0
1.0
1.0
1.0
1.0
1.0
1.0
1.0
1.0
1.167
1.143
1.125
1.0
1.111
1.2
1.083
1.077
1.0
1.143
1.0
1.0
1.062
1.0
1.0
1.0
1.118
1.0
1.158
1.091
1.0
1.083
1.077
1.107
1.032
1.062
1.0
1.059
1.028
1.027
1.079
1.0
1.049
1.093
1.0
1.0
1.021
1.0
1.042
1.08
1.037
1.018
1.053
1.0
1.05
1.016
1.031
1.061
1.014
1.042
1.0
1.014
1.027
1.04
1.026
1.0
1.062
1.082
1.054
1.041
1.01
1.069
1.064
1.043
1.041
1.032
1.0
1.023
1.045
1.029
1.042
1.027
1.039
1.006
1.031
1.018
1.077
1.017
1.033
1.032
1.021
1.036
1.02
1.024
1.052
1.041
1.026
1.026
1.042
1.028
1.02
1.027
1.042
1.037
1.018
1.039
1.034
1.01
1.023
1.039
1.034
1.067
1.026
1.05
1.029
1.045
1.028
1.052
1.031
1.046
1.033
1.033
1.043
1.027
1.033
1.043
1.032
1.037
1.06
1.058
1.032
1.044
1.024
1.014
1.034
1.059
1.033
1.051
1.026
1.033
1.031
1.046
1.037
1.027
1.027
1.054
1.046
1.031
1.029
1.033
1.04
1.02
1.044
1.036
1.041
1.035
1.042
1.038
1.034
1.026
1.017
1.021
1.025
1.039
1.047
1.018
1.032
1.036
1.03
1.01
1.044
1.026
1.067
1.036
1.044
1.025
1.009
1.041
1.023
1.039
1.01
1.021
1.022
1.035
1.024
1.03
1.054
1.024
1.031
1.044
1.058
1.037
1.025
1.038
1.038
1.026
1.026
1.027
1.047
1.062
1.034
1.034
1.029
1.021
1.015
1.015
1.032
1.017
1.042
1.042
1.017
1.009
1.027
1.035
1.026
1.026
1.034
1.076
1.016
1.041
1.033
1.008
1.009
1.035
1.017
1.035
1.026
1.026
1.059
1.025
1.0
1.062
1.026
1.017
1.034
1.026
1.067
1.023
1.047
1.015
1.054
1.0
1.091
1.021
1.028
1.007
1.021
1.042
1.034
1.04
1.013
1.053
1.051
1.031
1.06
1.046
1.055
1.042
1.025
1.025
1.039
1.066
1.044
1.052
1.029
1.02
1.06
1.027
1.06
1.043
1.024
1.02
1.027
1.033
1.032
1.037
1.024
1.027
1.0
1.062
1.014
1.041
1.029
1.034
1.05
1.041
1.038
1.026
1.035
1.023
1.05
1.049
1.041
1.051
1.042
1.069
1.039
1.027
1.026
1.041
1.044
1.033
1.044
1.04
1.045
1.034
1.033
1.039
1.046
1.035
1.037
1.046
1.029
1.042
1.039
1.035
1.029
1.027
1.028
1.035
1.029
1.034
1.029
1.018
1.025
1.037
1.038
1.042
1.044
1.028
1.031
1.044
1.054
1.042
1.041
1.036
1.032
1.028
1.036
1.016
1.043
1.056
1.041
1.043
1.036
1.036
1.023
1.025
1.049
1.018
1.043
1.01
1.03
1.011
1.038
1.051
1.039
1.023
1.018
1.037
1.006
1.072
1.047
1.027
1.014
1.035
1.076
1.033
1.041
1.02
1.0
1.015
1.044
1.051
1.023
1.03
1.045
1.0
1.047
1.062
1.031
1.076
1.043
1.028
1.043
1.096
1.021
1.022
1.022
1.054
1.008
1.023
1.063
1.062
1.037
1.03
1.023
1.0
1.039
1.047
1.038
1.03
1.038
1.052
1.037
1.007
1.022
1.077
1.0
1.021
1.069
1.007
1.04
1.066
1.038
1.062
1.029
1.023
1.04
1.049
1.047
1.0
1.016
1.01
1.016
1.031
1.025
1.025
1.039
1.023
1.05
1.026
1.017
1.034
1.021
1.049
1.035
1.034
1.04
1.025
1.028
1.034
1.033
1.023
1.013
1.016
1.032
1.031
1.028
1.039
1.017
1.031
1.022
1.054
1.018
1.021
1.031
1.033
1.029
1.034
1.035
1.044
1.051
1.031
1.022
1.048
1.038
1.054
1.038
1.036
1.035
1.039
1.038
1.041
1.042
1.03
1.036
1.036
1.035
1.038
1.038
1.031
1.038
1.035
1.03
1.03
1.036
1.032
1.049
1.038
1.057
1.043
1.03
1.052
1.032
1.047
1.024
1.033
1.039
1.044
1.033
1.027
1.029
1.033
1.024
1.049
1.025
1.015
1.04
1.041
1.049
1.035
1.026
1.028
1.029
1.06
1.024
1.05
1.028
1.014
1.049
1.037
1.032
1.036
1.031
1.029
1.037
1.035
1.032
1.012
1.017
1.018
1.014
1.01
1.027
1.039
1.033
1.027
1.034
1.041
1.061
1.044
1.025
1.019
1.033
1.039
1.065
1.0
1.021
1.056
1.028
1.084
1.013
1.014
1.007
1.051
1.022
1.023
1.084
1.05
1.021
1.058
1.014
1.067
1.022
1.059
1.029
1.016
1.039
1.069
1.023
1.008
1.042
1.058
1.041
1.033
1.041
1.025
1.05
1.016
1.041
1.024
1.016
1.04
1.032
1.024
1.024
1.024
1.047
1.015
1.039
1.054
1.023
1.008
1.023
1.031
1.061
1.007
1.051
1.042
1.034
1.04
1.019
1.045
1.044
1.06
1.011
1.011
1.011
1.017
1.055
1.031
1.015
1.03
1.039
1.028
1.05
1.035
1.009
1.047
1.029
1.06
1.027
1.019
1.026
1.032
1.017
1.031
1.063
1.026
1.025
1.025
1.045
1.038
1.017
1.025
1.06
1.047
1.033
1.047
1.012
1.031
1.05
1.027
1.045
1.022
1.038
1.048
1.059
1.029
1.024
1.042
1.04
1.049
1.042
1.039
1.035
1.038
1.037
1.039
1.039
1.028
1.03
1.041
1.028
1.024
1.047
1.019
1.044
1.05
1.048
1.039
1.048
1.055
1.034
1.055
1.032
1.033
1.019
1.032
1.036
1.027
1.028
1.047
1.028
1.055
1.037
1.034
1.03
1.009
1.049
1.06
1.03
1.043
1.048
1.012
1.036
1.029
1.024
1.047
1.039
1.02
1.042
1.053
1.031
1.035
1.023
1.041
1.045
1.07
1.047
1.052
1.022
1.06
1.032
1.029
1.026
1.031
1.023
1.052
1.031
1.042
1.036
1.074
1.031
1.011
1.023
1.018
1.025
1.007
1.028
1.043
1.0
1.022
1.038
1.052
1.03
1.015
1.008
1.038
1.046
1.047
1.053
1.045
1.052
1.036
1.022
1.023
1.031
1.042
1.025
1.009
1.01
1.02
1.022
1.022
1.058
1.034
1.023
1.035
1.035
1.012
1.048
1.062
1.083
1.033
1.011
1.023
1.035
1.035
1.045
1.023
1.023
1.0
1.0
1.013
1.038
1.1
1.046
1.033
1.053
1.053
1.04
1.02
1.01
1.04
1.05
1.01
1.05
1.0
1.029
1.067
1.036
1.035
1.035
1.052
1.025
1.033
1.033
1.016
1.024
1.016
1.047
1.044
1.113
1.025
1.056
1.0
1.024
1.052
1.045
1.011
1.016
1.027
1.01
1.005
1.031
1.01
1.035
1.054
1.037
1.036
1.044
1.021
1.091
1.023
1.045
1.014
1.035
1.031
1.047
1.045
1.053
1.041
1.038
1.031
1.039
1.005
1.038
1.037
1.034
1.051
1.029
1.058
1.019
1.049
1.017
1.053
1.021
1.012
1.039
1.038
1.029
1.033
1.038
1.025
1.03
1.024
1.036
1.031
1.041
1.019
1.041
1.031
1.058
1.028
1.033
1.032
1.037
1.034
1.032
1.023
1.026
1.053
1.021
1.042
1.024
1.036
1.048
1.031
1.054
1.031
1.038
1.03
1.031
1.026
1.023
1.047
1.037
1.041
1.014
1.015
1.038
1.046
1.027
1.019
1.06
1.036
1.012
1.033
1.021
1.022
1.04
1.036
1.04
1.049
1.044
1.017
1.062
1.0
1.018
1.045
1.009
1.037
1.023
1.023
1.033
1.027
1.056
1.05
1.009
1.045
1.062
1.031
1.045
1.018
1.041
1.022
1.068
1.035
1.067
1.038
1.046
1.053
1.078
1.04
1.028
1.04
1.084
1.069
1.04
1.037
1.052
1.037
1.048
1.033
1.033
1.041
1.026
1.038
1.057
1.011
1.047
1.012
1.048
1.044
1.04
1.04
1.048
1.044
1.056
1.043
1.032
1.02
1.024
1.054
1.021
1.046
1.034
1.021
1.052
1.051
1.067
1.048
1.024
1.041
1.037
1.029
1.022
1.027
1.047
1.088
1.044
1.049
1.044
1.031
1.035
1.031
1.053
1.031
1.051
1.022
1.056
1.014
1.051
1.045
1.023
1.047
1.037
1.048
1.057
1.028
1.014
1.029
1.024
1.048
1.037
1.046
1.036
1.072
1.013
1.048
1.03
1.026
1.051
1.033
1.021
1.043
1.026
1.013
1.017
1.068
1.029
1.037
1.06