1
1.0
1.0
1.0
1.0
1.0
1.0
1.0
1.0
1.0
1.0
1.0
1.0
1.0
1.0
1.0
1.0
1.0
1.0
1.0
1.0
1.0
1.0
1.0
1.0
1.0
1.0
1.0
1.0
1.0
1.0
1.0
1.0
1.0
1.0
1.0
1.0
1.0
1.0
1.0
1.0
1.0
1.0
1.0
1.0
1.0
3.0
1.0
1.0
1.0
1.0
1.0
1.0
1.667
1.0
1.0
1.0
1.0
1.0
1.0
1.0
1.0
1.0
1.0
1.2
1.0
1.0
1.167
1.286
1.0
1.0
1.0
1.0
1.0
1.0
1.0
1.0
1.0
1.111
1.1
1.0
1.091
1.0
1.0
1.083
1.0
1.0
1.0
1.0
1.0
1.0
1.0
1.0
1.0
1.077
1.0
1.143
1.0
1.0
1.25