1
1.0
1.0
1.0
1.0
1.0
1.0
1.0
1.0
1.0
1.0
1.0
1.0
1.0
1.0
1.0
1.0
1.0
2.0
1.0
1.0
1.0
1.0
1.0
1.0
1.0
1.0
1.0
1.0
1.0
1.0
1.0
1.0
1.0
1.0
1.0
1.0
1.0
1.0
2.0
1.0
1.0
1.25
1.0
1.0
1.0
1.0
1.0
1.0
1.0
1.0
1.0
1.0
1.0
1.2
1.0
1.0
1.0
1.0
1.0
1.0
1.0
1.0
1.0
1.0
1.167
1.143
1.0
1.0
1.25
1.0
1.0
1.0
1.0
1.0
1.0
1.0
1.0
1.111
1.0
1.0
1.2
1.0
1.0
1.0
1.0
1.0
1.0
1.182
1.0
1.0
1.0
1.0
1.0
1.083
1.0
1.0
1.0
1.0
1.0
1.091
1.0
1.0
1.182
1.0
1.0
1.083
1.0
1.154
1.0
1.0
1.0
1.0
1.0
1.0
1.0
1.0
1.0
1.133
1.0
1.0
1.0
1.0
1.0
1.0
1.071
1.0
1.133
1.0
1.0
1.059
1.0
1.056
1.0
1.053
1.05
1.095
1.0
1.0
1.0
1.087
1.04
1.0
1.0
1.0
1.077
1.0
1.0
1.038
1.074
1.0
1.0
1.0
1.069
1.0
1.0
1.0
1.0
1.0
1.0
1.0
1.0
1.034
1.167
1.0
1.029
1.029
1.139
1.05
1.071
1.0
1.045
1.043
1.0
1.042
1.0
1.02
1.04
1.059
1.0
1.0
1.0
1.038
1.074
1.07
1.0
1.034
1.049
1.097
1.044
1.07
1.013
1.013
1.013
1.053
1.05
1.0
1.012
1.012
1.036
1.012
1.023
1.0
1.046
1.033
1.043
1.052
1.01
1.0
1.061
1.01
1.031
1.01
1.03
1.03
1.02
1.01
1.019
1.029
1.009
1.009
1.028
1.073
1.009
1.035
1.034
1.041
1.031
1.0
1.023
1.045
1.014
1.022
1.021
1.021
1.021
1.02
1.053
1.026
1.019
1.039
1.045
1.012
1.044
1.104
1.078
1.016
1.032
1.042
1.056
1.04
1.082
1.032
1.044
1.039
1.038
1.041
1.052
1.055
1.022
1.037
1.029
1.036
1.039
1.027
1.082
1.029
1.016
1.019
1.022
1.025
1.021
1.051
1.044
1.049
1.053
1.035
1.043
1.011
1.042
1.044
1.039
1.028
1.046
1.021
1.031
1.025
1.02
1.031
1.039
1.04
1.059
1.041
1.012
1.037
1.033
1.038
1.06
1.026
1.018
1.047
1.023
1.058
1.043
1.029
1.01
1.041
1.015
1.043
1.032
1.039
1.051
1.077
1.053
1.016
1.027
1.022
1.022
1.055
1.022
1.044
1.043
1.031
1.021
1.046
1.03
1.054
1.024
1.037
1.027
1.035
1.034
1.017
1.042
1.025
1.016
1.057
1.04
1.015
1.027
1.03
1.022
1.015
1.034
1.041
1.019
1.037
1.029
1.029
1.029
1.049
1.031
1.051
1.01
1.051
1.013
1.052
1.034
1.052
1.05
1.052
1.02
1.054
1.008
1.042
1.025
1.036
1.069
1.037
1.036
1.023
1.041
1.031
1.021
1.022
1.029
1.029
1.025
1.038
1.05
1.007
1.033
1.057
1.04
1.008
1.023
1.038
1.03
1.051
1.026
1.043
1.034
1.048
1.029
1.025
1.079
1.044
1.054
1.042
1.043
1.052
1.044
1.023
1.048
1.056
1.016
1.016
1.054
1.0
1.046
1.09
1.05
1.041
1.059
1.065
1.047
1.023
1.047
1.067
1.042
1.041
1.033
1.064
1.055
1.071
1.033
1.043
1.026
1.036
1.02
1.02
1.031
1.056
1.053
1.046
1.045
1.043
1.046
1.045
1.016
1.048
1.048
1.034
1.026
1.041
1.06
1.036
1.014
1.025
1.018
1.04
1.026
1.037
1.04
1.029
1.014
1.065
1.031
1.024
1.052
1.024
1.033
1.039
1.067
1.028
1.028
1.057
1.062
1.006
1.059
1.03
1.064
1.035
1.029
1.041
1.038
1.048
1.042
1.049
1.043
1.064
1.043
1.059
1.057
1.062
1.023
1.025
1.033
1.022
1.031
1.044
1.024
1.03
1.038
1.061
1.042
1.043
1.069
1.074
1.059
1.066
1.02
1.038
1.063
1.034
1.036
1.019
1.033
1.027
1.021
1.029
1.043
1.029
1.045
1.0
1.081
1.047
1.039
1.039
1.033
1.033
1.024
1.033
1.032
1.032
1.04
1.039
1.054
1.053
1.075
1.065
1.042
1.02
1.041
1.06
1.052
1.038
1.036
1.018
1.023
1.041
1.045
1.038
1.021
1.021
1.026
1.036
1.04
1.034
1.028
1.057
1.055
1.057
1.046
1.058
1.064
1.046
1.023
1.038
1.042
1.034
1.042
1.007
1.027
1.046
1.038
1.007
1.061
1.03
1.041
1.026
1.022
1.026
1.044
1.067
1.044
1.04
1.036
1.036
1.036
1.036
1.056
1.052
1.026
1.042
1.043
1.03
1.031
1.035
1.038
1.024
1.038
1.021
1.032
1.035
1.069
1.042
1.044
1.03
1.053
1.03
1.042
1.015
1.04
1.02
1.025
1.05
1.049
1.008
1.018
1.023
1.028
1.047
1.1
1.097
1.016
1.025
1.039
1.035
1.03
1.027
1.08
1.063
1.035
1.067
1.025
1.03
1.043
1.034
1.044
1.048
1.056
1.038
1.03
1.022
1.036
1.009
1.047
1.042
1.033
1.024
1.053
1.015
1.035
1.047
1.026
1.037
1.032
1.005
1.06
1.042
1.058
1.037
1.07
1.005
1.044
1.043
1.037
1.053
1.062
1.031
1.04
1.015
1.054
1.085
1.062
1.038
1.043
1.046
1.041
1.04
1.028
1.032
1.035
1.044
1.038
1.037
1.03
1.041
1.044
1.065
1.056
1.038
1.048
1.034
1.049
1.045
1.027
1.038
1.017
1.065
1.035
1.068
1.042
1.046
1.035
1.032
1.048
1.037
1.047
1.041
1.041
1.071
1.058
1.054
1.031
1.038
1.017
1.043
1.071
1.033
1.043
1.015
1.016
1.045
1.01
1.032
1.011
1.105
1.054
1.034
1.074
1.06
1.0
1.072
1.024
1.059
1.06
1.0
1.0
1.041
1.041
1.027
1.014
1.029
1.075
1.056
1.027
1.053
1.0
1.066
1.012
1.037
1.072
1.023
1.023
1.023
1.034
1.033
1.022
1.043
1.041
1.05
1.029
1.057
1.019
1.019
1.056
1.027
1.036
1.043
1.05
1.017
1.058
1.016
1.031
1.038
1.083
1.028
1.0
1.07
1.026
1.026
1.064
1.067
1.0
1.06
1.034
1.056
1.058
1.051
1.044
1.038
1.028
1.032
1.062
1.059
1.041
1.044
1.035
1.027
1.046
1.053
1.026
1.048
1.04
1.033
1.011
1.038
1.026
1.047
1.042
1.035
1.028
1.042
1.044
1.052
1.029
1.048
1.045
1.013
1.042
1.066
1.045
1.063
1.021
1.036
1.051
1.029
1.038
1.046
1.054
1.052
1.05
1.039
1.066
1.024
1.033
1.038
1.047
1.023
1.034
1.035
1.052
1.039
1.018
1.049
1.019
1.034
1.029
1.022
1.023
1.078
1.008
1.042
1.092
1.023
1.008
1.041
1.041
1.025
1.05
1.008
1.017
1.05
1.107
1.054
1.022
1.051
1.036
1.035
1.041
1.02
1.034
1.014
1.035
1.054
1.052
1.031
1.061
1.012
1.006
1.066
1.074
1.033
1.027
1.058
1.035
1.034
1.038
1.071
1.036
1.04
1.026
1.034
1.029
1.037
1.024
1.02
1.032
1.035
1.047
1.042
1.052
1.047
1.022
1.047
1.021
1.052
1.027
1.037
1.057
1.048
1.028
1.025
1.047
1.046
1.034
1.031
1.045
1.048
1.042
1.048
1.016
1.023
1.05
1.023
1.043
1.058
1.054
1.034
1.016
1.016
1.043
1.042
1.036
1.04
1.04
1.051
1.045
1.031
1.011
1.019
1.031
1.035
1.028
1.012
1.017
1.035
1.039
1.047
1.025
1.034
1.06
1.037
1.021
1.047
1.034
1.009
1.023
1.06
1.022
1.046
1.023
1.042
1.009
1.028
1.052
1.041
1.036
1.04
1.044
1.073
1.066
1.024
1.056
1.051
1.038
1.041
1.034
1.059
1.029
1.033
1.03
1.034
1.055
1.022
1.044
1.033
1.047
1.035
1.031
1.028
1.029
1.039
1.029
1.022
1.044
1.026
1.06
1.037
1.033
1.022
1.014
1.034
1.019
1.053
1.041
1.022
1.03