1
1.0
1.0
1.0
1.0
1.0
1.0
1.0
1.0
1.0
1.0
1.0
1.0
1.0
1.0
1.0
1.0
1.0
1.0
1.0
1.0
2.0
1.0
1.0
1.0
1.5
1.0
1.0
1.0
1.0
1.0
1.667
1.0
1.2
1.0
1.0
1.0
1.333
1.0
1.0
1.0
1.0
1.0
1.0
1.0
1.0
1.0
1.0
1.143
1.0
1.0
1.0
1.429
1.0
1.2
1.0
1.25
1.0
1.214
1.0
1.059
1.056
1.0
1.0
1.0
1.0
1.053
1.05
1.0
1.0
1.0
1.048
1.0
1.0
1.095
1.174
1.0
1.074
1.103
1.094
1.086
1.0
1.0
1.028
1.0
1.135
1.071
1.022
1.065
1.082
1.075
1.053
1.0
1.033
1.066
1.0
1.048
1.077
1.086
1.066
1.062
1.105
1.021
1.022
1.053
1.061
1.019
1.0
1.029
1.028
1.084
1.044
1.068
1.024
1.04
1.023
1.045
1.044
1.036
1.028
1.021
1.007
1.027
1.007
1.04
1.026
1.063
1.048
1.053
1.04
1.055
1.031
1.067
1.063
1.065
1.049
1.044
1.03
1.038
1.062
1.06
1.047
1.047
1.058
1.06
1.04
1.056
1.032
1.036
1.02
1.025
1.026
1.048
1.058
1.076
1.025
1.044
1.052
1.052
1.036
1.014
1.043
1.01
1.02
1.045
1.039
1.04
1.044
1.043
1.038
1.043
1.038
1.038
1.048
1.056
1.06
1.054
1.059
1.088
1.029
1.055
1.041
1.051
1.084
1.02
1.04
1.018
1.028
1.041
1.052
1.033
1.064
1.089
1.044
1.08
1.03
1.051
1.015
1.048
1.085
1.031
1.037
1.041
1.036
1.006
1.058
1.032
1.046
1.052
1.039
1.053
1.072
1.019
1.04
1.074
1.034
1.028
1.058
1.036
1.052
1.067
1.036
1.029
1.068
1.051
1.036
1.014
1.029
1.043
1.042
1.062
1.081
1.051
1.044
1.036
1.036
1.099
1.032
1.037
1.067
1.055
1.067
1.042
1.05
1.035
1.022
1.067
1.038
1.038
1.03
1.055
1.04
1.051
1.042
1.022
1.049
1.03
1.042
1.06
1.044
1.055
1.062
1.015
1.031
1.046
1.019
1.06
1.055
1.047
1.054
1.086
1.035
1.031
1.043
1.084
1.034
1.039
1.071
1.066
1.055
1.036
1.057
1.046
1.038
1.08
1.071
1.056
1.028
1.045
1.047
1.07
1.05
1.018
1.031
1.02
1.015
1.032
1.043
1.0
1.069
1.05
1.051
1.011
1.022
1.069
1.057
1.056
1.033
1.054
1.033
1.102
1.044
1.045
1.033
1.054
1.044
1.091
1.088
1.063
1.071
1.058
1.065
1.035
1.07
1.042
1.041
1.041
1.04
1.039
1.045
1.036
1.058
1.035
1.02
1.055
1.033
1.078
1.043
1.047
1.029
1.061
1.021
1.053
1.086
1.028
1.06
1.04
1.043
1.038
1.033
1.046
1.037
1.061
1.052
1.031
1.063
1.027
1.05
1.026
1.03
1.045
1.051
1.032
1.036
1.074
1.043
1.029
1.026
1.048
1.029
1.055
1.036
1.044
1.049
1.044
1.029
1.052
1.034
1.046
1.035
1.031
1.049
1.045
1.037
1.054
1.086
1.029
1.055
1.042
1.026
1.044
1.014
1.047
1.061
1.067
1.042
1.048
1.059
1.072
1.055
1.036
1.022
1.047
1.048
1.064
1.038
1.027
1.061
1.041
1.043
1.03
1.046
1.016
1.016
1.096
1.008
1.084
1.063
1.041
1.016
1.074
1.058
1.008
1.102
1.04
1.031
1.063
1.053
1.029
1.036
1.029
1.014
1.028
1.063
1.02
1.066
1.013
1.063
1.048
1.035
1.064
1.039
1.049
1.052
1.041
1.075
1.042
1.051
1.027
1.05
1.07
1.047
1.055
1.078
1.024
1.06
1.051
1.058
1.05
1.039
1.062
1.03
1.063
1.059
1.032
1.046
1.041
1.086
1.038
1.039
1.069
1.022
1.05
1.023
1.039
1.024
1.015
1.02
1.046
1.037
1.065
1.059
1.044
1.022
1.069
1.045
1.04
1.029
1.046
1.041
1.03
1.075
1.055
1.048
1.059
1.064
1.102
1.043
1.055
1.028
1.028
1.029
1.073
1.048
1.065
1.06
1.035
1.065
1.029
1.04
1.023
1.04
1.051
1.038
1.038
1.016
1.021
1.052
1.061
1.078
1.018
1.028
1.041
1.041
1.048
1.06
1.041
1.053
1.081
1.039
1.02
1.06
1.019
1.036
1.056
1.051
1.066
1.038
1.078
1.03
1.054
1.04
1.037
1.057
1.046
1.043
1.078
1.047
1.018
1.06
1.041
1.047
1.059
1.027
1.056
1.023
1.019
1.093
1.058
1.072
1.084
1.044
1.033
1.047
1.034
1.035
1.058
1.036
1.03
1.008
1.025
1.061
1.052
1.051
1.034
1.043
1.078
1.05
1.016
1.016
1.041
1.041
1.049
1.067
1.008
1.034
1.092
1.016
1.048
1.047
1.054
1.023
1.068
1.014
1.022
1.043
1.021
1.099
1.032
1.019
1.069
1.029
1.058
1.045
1.082
1.046
1.068
1.06
1.031
1.035
1.039
1.058
1.036
1.059
1.061
1.033
1.03
1.056
1.047
1.05
1.071
1.059
1.064
1.054
1.044
1.071
1.03
1.063
1.041
1.031
1.042
1.047
1.074
1.019
1.065
1.055
1.016
1.061
1.052
1.04
1.043
1.036
1.046
1.027
1.054
1.071
1.048
1.049
1.04
1.006
1.048
1.043
1.064
1.057
1.103
1.03
1.064
1.039
1.007
1.028
1.098
1.042
1.069
1.04
1.014
1.056
1.034
1.068
1.034
1.06
1.039
1.039
1.046
1.039
1.071
1.067
1.035
1.057
1.044
1.011
1.033
1.037
1.073
1.064
1.075
1.054
1.052
1.081
1.073
1.027
1.081
1.054
1.042
1.054
1.023
1.036
1.071
1.034
1.035
1.048
1.043
1.036
1.041
1.05
1.036
1.046
1.041
1.073
1.068
1.022
1.06
1.04
1.061
1.051
1.032
1.024
1.024
1.05
1.035
1.077
1.055
1.102
1.037
1.052
1.089
1.023
1.039
1.03
1.036
1.064
1.052
1.037
1.027
1.04
1.04
1.073
1.043
1.045
1.062
1.023
1.052
1.029
1.042
1.03
1.065
1.064
1.034
1.103
1.07
1.036
1.093
1.059
1.034
1.057
1.043
1.061
1.085
1.032
1.071
1.052
1.083
1.036
1.065
1.037
1.052
1.039
1.09
1.073
1.048
1.053
1.024
1.06
1.055
1.045
1.011
1.022
1.052
1.035
1.041
1.024
1.051
1.056
1.055
1.119
1.073
1.033
1.063
1.028
1.053
1.024
1.019
1.038
1.058
1.074
1.045
1.1
1.07
1.018
1.012
1.046
1.06
1.013
1.02
1.021
1.057
1.065
1.036
1.021
1.093
1.054
1.047
1.052
1.071
1.043
1.061
1.041
1.023
1.023
1.07
1.06
1.036
1.051
1.035
1.059
1.038
1.055
1.044
1.064
1.093
1.034
1.038
1.034
1.038
1.038
1.049
1.064
1.047
1.046
1.036
1.047
1.022
1.045
1.061
1.073
1.057
1.018
1.03
1.036
1.052
1.056
1.041
1.077
1.044
1.027
1.029
1.02
1.047
1.077
1.053
1.034
1.057
1.057
1.04
1.03
1.024
1.05
1.051
1.058
1.026
1.055
1.047
1.034
1.049
1.056
1.055
1.014
1.035
1.034
1.067
1.006
1.046
1.044
1.092
1.046
1.04
1.034
1.047
1.116
1.048
1.021
1.071
1.053
1.015
1.041
1.056
1.041
1.052
1.02
1.03
1.075
1.043
1.019
1.01
1.056
1.034
1.038
1.038
1.081
1.041
1.027
1.028
1.051
1.079
1.062
1.035
1.018
1.06
1.027
1.05
1.0
1.059
1.073
1.029
1.07
1.014
1.045
1.036
1.031
1.059
1.058
1.042
1.067
1.015
1.046
1.069
1.061
1.027
1.037
1.036
1.053
1.026
1.025
1.046
1.041
1.045
1.02
1.045
1.032
1.044
1.039
1.057
1.038
1.067
1.047
1.029
1.047
1.077
1.017
1.05
1.053
1.043
1.047
1.036
1.041
1.069
1.049
1.064
1.06
1.019
1.056
1.036
1.05
1.026
1.036
1.028
1.039
1.061
1.03
1.041
1.06
1.043
1.045
1.052
1.029
1.043
1.049
1.0
1.048
1.0
1.075
1.021
1.051
1.096
1.041
1.05
1.035
1.065
1.049
1.035
1.051