1
1.0
1.0
1.0
1.0
1.0
1.0
1.0
1.0
1.0
1.0
1.0
1.0
1.0
1.0
1.0
1.0
1.0
1.0
1.0
1.0
1.0
1.0
1.0
1.0
1.0
1.0
1.0
1.0
1.0
1.0
1.0
1.0
1.0
1.0
1.0
1.0
1.0
1.0
1.0
1.0
1.0
1.0
1.0
1.0
1.0
1.0
1.0
1.0
1.0
2.0
1.0
1.0
1.0
1.0
1.0
1.0
1.0
1.0
1.5
1.0
1.0
1.0
1.0
1.0
1.0
1.0
1.0
1.0
1.0
1.0
1.0
1.667
1.0
1.0
1.0
1.0
1.0
1.0
1.4
1.0
1.0
1.143
1.0
1.0
1.0
1.0
1.0
1.0
1.0
1.0
1.0
1.0
1.0
1.125
1.0
1.222
1.0
1.333
1.333
1.125
1.059
1.0
1.0
1.0
1.0
1.067
1.0
1.062
1.0
1.059
1.0
1.0
1.0
1.111
1.0
1.05
1.0
1.0
1.0
1.048
1.0
1.045
1.043
1.0
1.0
1.042
1.0
1.0
1.08
1.077
1.071
1.0
1.0
1.0
1.0
1.0
1.067
1.032
1.0
1.125
1.028
1.0
1.054
1.0
1.0
1.0
1.0
1.0
1.053
1.0
1.1
1.045
1.065
1.0
1.021
1.02
1.0
1.02
1.02
1.0
1.096
1.018
1.035
1.017
1.017
1.05
1.032
1.031
1.0
1.077
1.043
1.028
1.027
1.0
1.053
1.013
1.062
1.047
1.011
1.011
1.011
1.056
1.032
1.021
1.021
1.071
1.0
1.029
1.037
1.018
1.098
1.066
1.039
1.038
1.029
1.035
1.021
1.04
1.013
1.032
1.044
1.03
1.065
1.0
1.033
1.07
1.025
1.025
1.034
1.047
1.027
1.017
1.013
1.026
1.042
1.02
1.036
1.015
1.038
1.018
1.04
1.018
1.042
1.01
1.04
1.026
1.038
1.039
1.023
1.043
1.019
1.027
1.068
1.035
1.053
1.028
1.038
1.043
1.017
1.043
1.032
1.029
1.038
1.033
1.037
1.046
1.028
1.047
1.032
1.024
1.047
1.018
1.031
1.031
1.026
1.032
1.047
1.027
1.041
1.03
1.036
1.041
1.041
1.034
1.031
1.03
1.034
1.04
1.025
1.029
1.028
1.043
1.03
1.031
1.034
1.034
1.04
1.02
1.028
1.038
1.024
1.026
1.028
1.042
1.032
1.052
1.035
1.038
1.033
1.042
1.035
1.026
1.024
1.036
1.027
1.034
1.037
1.036
1.032
1.019
1.033
1.042
1.038
1.035
1.026
1.03
1.061
1.037
1.034
1.047
1.043
1.021
1.03
1.034
1.038
1.042
1.03
1.026
1.044
1.037
1.022
1.023
1.042
1.023
1.011
1.031
1.043
1.027
1.045
1.033
1.039
1.032
1.012
1.033
1.034
1.029
1.019
1.014
1.014
1.044
1.026
1.029
1.023
1.02
1.021
1.038
1.018
1.018
1.036
1.032
1.042
1.038
1.02
1.028
1.045
1.03
1.041
1.043
1.044
1.028
1.025
1.012
1.03
1.047
1.046
1.026
1.032
1.022
1.042
1.03
1.019
1.031
1.047
1.029
1.008
1.019
1.039
1.031
1.033
1.049
1.026
1.032
1.027
1.042
1.033
1.04
1.037
1.033
1.052
1.039
1.034
1.039
1.039
1.037
1.019
1.037
1.032
1.03
1.04
1.02
1.028
1.043
1.047
1.046
1.03
1.032
1.037
1.036
1.033
1.042
1.038
1.036
1.046
1.038
1.037
1.045
1.028
1.032
1.036
1.038
1.023
1.041
1.027
1.029
1.028
1.033
1.036
1.044
1.037
1.03
1.027
1.038
1.043
1.037
1.029
1.03
1.035
1.033
1.03
1.041
1.03
1.036
1.035
1.038
1.031
1.036
1.033
1.035
1.038
1.032
1.043
1.037
1.027
1.027
1.042
1.04
1.024
1.043
1.032
1.049
1.019
1.027
1.043
1.042
1.057
1.026
1.024
1.022
1.037
1.028
1.042
1.042
1.04
1.025
1.023
1.033
1.039
1.048
1.029
1.032
1.037
1.027
1.042
1.01
1.034
1.029
1.034
1.064
1.026
1.033
1.031
1.031
1.042
1.029
1.026
1.057
1.033
1.022
1.027
1.027
1.039
1.033
1.04
1.056
1.016
1.036
1.022
1.035
1.034
1.03
1.026
1.03
1.034
1.033
1.036
1.038
1.047
1.028
1.03
1.036
1.041
1.033
1.041
1.035
1.019
1.024
1.03
1.026
1.024
1.045
1.032
1.041
1.035
1.037
1.039
1.038
1.06
1.035
1.055
1.041
1.027
1.03
1.02
1.035
1.024
1.031
1.045
1.023
1.033
1.037
1.051
1.021
1.046
1.026
1.036
1.042
1.042
1.036
1.026
1.04
1.036
1.025
1.033
1.038
1.041
1.026
1.039
1.042
1.039
1.031
1.044
1.035
1.033
1.043
1.04
1.031
1.021
1.04
1.033
1.033
1.037
1.049
1.03
1.029
1.049
1.031
1.039
1.043
1.052
1.034
1.033
1.03
1.025
1.045
1.046
1.041
1.019
1.025
1.023
1.027
1.05
1.038
1.042
1.046
1.026
1.02
1.03
1.027
1.028
1.022
1.039
1.026
1.026
1.038
1.031
1.027
1.044
1.049
1.021
1.043
1.022
1.033
1.039
1.034
1.055
1.023
1.049
1.029
1.025
1.046
1.02
1.039
1.046
1.055
1.036
1.048
1.015
1.033
1.027
1.03
1.03
1.042
1.021
1.03
1.03
1.029
1.024
1.03
1.033
1.042
1.023
1.035
1.029
1.028
1.042
1.027
1.032
1.05
1.028
1.047
1.033
1.035
1.043
1.04
1.043
1.029
1.022
1.048
1.025
1.036
1.045
1.05
1.038
1.035
1.027
1.026
1.035
1.025
1.055
1.033
1.05
1.027
1.038
1.045
1.044
1.029
1.045
1.034
1.037
1.04
1.045
1.032
1.03
1.039
1.035
1.026
1.038
1.031
1.026
1.032
1.028
1.033
1.027
1.028
1.032
1.039
1.037
1.043
1.03
1.025
1.04
1.041
1.036
1.025
1.027
1.035
1.048
1.037
1.032
1.034
1.042
1.027
1.043
1.033
1.052
1.023
1.039
1.033
1.044
1.032
1.027
1.039
1.028
1.043
1.02
1.029
1.034
1.028
1.04
1.037
1.018
1.038
1.032
1.029
1.046
1.041
1.018
1.031
1.045
1.029
1.045
1.042
1.04
1.027
1.023
1.046
1.043
1.037
1.028
1.017
1.021
1.049
1.048
1.033
1.038
1.043
1.038
1.039
1.02
1.026
1.024
1.045
1.042
1.041
1.03
1.035
1.038
1.034
1.021
1.031
1.031
1.045
1.032
1.033
1.031
1.023
1.032
1.032
1.033
1.031
1.048
1.032
1.04
1.034
1.033
1.04
1.037
1.042
1.033
1.031
1.031
1.031
1.041
1.037
1.032
1.029
1.024
1.032
1.038
1.03
1.033
1.044
1.031
1.03
1.02
1.037
1.026
1.04
1.036
1.024
1.041
1.018
1.035
1.043
1.04
1.027
1.033
1.037
1.03
1.046
1.038
1.026
1.029
1.028
1.023
1.031
1.025
1.028
1.032
1.043
1.028
1.046
1.028
1.04
1.035
1.034
1.032
1.034
1.037
1.032
1.037
1.035
1.029
1.046
1.035
1.025
1.016
1.039
1.036
1.041
1.028
1.023
1.046
1.04
1.038
1.03
1.017
1.038
1.039
1.028
1.025
1.031
1.043
1.033
1.02
1.056
1.038
1.033
1.033
1.031
1.04
1.032
1.037
1.042
1.031
1.034
1.057
1.039
1.04
1.032
1.026
1.021
1.046
1.029
1.028
1.029
1.029
1.035
1.031
1.033
1.033
1.028
1.033
1.035
1.039
1.053
1.034
1.029
1.03
1.039
1.039
1.034
1.032
1.032
1.036
1.041
1.023
1.047
1.03
1.027
1.037
1.033
1.024
1.02
1.041
1.033
1.042
1.034
1.034
1.041
1.034
1.032
1.034
1.033
1.055
1.026
1.035
1.046
1.044
1.05
1.03
1.034
1.029
1.039
1.039
1.032
1.049
1.041
1.055
1.031
1.028
1.044
1.024
1.034
1.024
1.038
1.034
1.024
1.021
1.047
1.018
1.058
1.039
1.028
1.054
1.027
1.024
1.03
1.041
1.036
1.03
1.029
1.031
1.026
1.016
1.031
1.027
1.027
1.027
1.045
1.015
1.032
1.021
1.029
1.031
1.037
1.045
1.03
1.022
1.029
1.014
1.027
1.027
1.044
1.028
1.02
1.027
1.025
1.053